-10  2  2  2  2  2  2  2  2  2  2  2  2  2  2  2  2  2  2  2  2  2  2  2  2  2  2  2  2  2  2  2  2  2  2  2  2  2  2  2  2  2  2  2  2  2  2  2  2  2  2  2  2  2  2  2  2  2  2  2  2  2  2  2  2  2  2  2  2  2  2  2  2  2  2
-9.9  2  2  2  2  2  2  2  2  2  2  2  2  2  2  2  2  2  2  2  2  2  2  2  2  2  2  2  2  2  2  2  2  2  2  2  2  2  2  2  2  2  2  2  2  2  2  2  2  2  2  2  2  2  2  2  2  2  2  2  2  2  2  2  2  2  2  2  2  2  2  2  2  2  2
-9.8  2  2  2  2  2  2  2  2  2  2  2  2  2  2  2  2  2  2  2  2  2  2  2  2  2  2  2  2  2  2  2  2  2  2  2  2  2  2  2  2  2  2  2  2  2  2  2  2  2  2  2  2  2  2  2  2  2  2  2  2  2  2  2  2  2  2  2  2  2  2  2  2  2  2
-9.7  2  2  2  2  2  2  2  2  2  2  2  2  2  2  2  2  2  2  2  2  2  2  2  2  2  2  2  2  2  2  2  2  2  2  2  2  2  2  2  2  2  2  2  2  2  2  2  2  2  2  2  2  2  2  2  2  2  2  2  2  2  2  2  2  2  2  2  2  2  2  2  2  2  2
-9.6  2  2  2  2  2  2  2  2  2  2  2  2  2  2  2  2  2  2  2  2  2  2  2  2  2  2  2  2  2  2  2  2  2  2  2  2  2  2  2  2  2  2  2  2  2  2  2  2  2  2  2  2  2  2  2  2  2  2  2  2  2  2  2  2  2  2  2  2  2  2  2  2  2  2
-9.5  2  2  2  2  2  2  2  2  2  2  2  2  2  2  2  2  2  2  2  2  2  2  2  2  2  2  2  2  2  2  2  2  2  2  2  2  2  2  2  2  2  2  2  2  2  2  2  2  2  2  2  2  2  2  2  2  2  2  2  2  2  2  2  2  2  2  2  2  2  2  2  2  2  2
-9.4  2  2  2  2  2  2  2  2  2  2  2  2  2  2  2  2  2  2  2  2  2  2  2  2  2  2  2  2  2  2  2  2  2  2  2  2  2  2  2  2  2  2  2  2  2  2  2  2  2  2  2  2  2  2  2  2  2  2  2  2  2  2  2  2  2  2  2  2  2  2  2  2  2  2
-9.3  2  2  2  2  2  2  2  2  2  2  2  2  2  2  2  2  2  2  2  2  2  2  2  2  2  2  2  2  2  2  2  2  2  2  2  2  2  2  2  2  2  2  2  2  2  2  2  2  2  2  2  2  2  2  2  2  2  2  2  2  2  2  2  2  2  2  2  2  2  2  2  2  2  2
-9.2  2  2  2  2  2  2  2  2  2  2  2  2  2  2  2  2  2  2  2  2  2  2  2  2  2  2  2  2  2  2  2  2  2  2  2  2  2  2  2  2  2  2  2  2  2  2  2  2  2  2  2  2  2  2  2  2  2  2  2  2  2  2  2  2  2  2  2  2  2  2  2  2  2  2
-9.1  2  2  2  2  2  2  2  2  2  2  2  2  2  2  2  2  2  2  2  2  2  2  2  2  2  2  2  2  2  2  2  2  2  2  2  2  2  2  2  2  2  2  2  2  2  2  2  2  2  2  2  2  2  2  2  2  2  2  2  2  2  2  2  2  2  2  2  2  2  2  2  2  2  2
-9  2  2  2  2  2  2  2  2  2  2  2  2  2  2  2  2  2  2  2  2  2  2  2  2  2  2  2  2  2  2  2  2  2  2  2  2  2  2  2  2  2  2  2  2  2  2  2  2  2  2  2  2  2  2  2  2  2  2  2  2  2  2  2  2  2  2  2  2  2  2  2  2  2  2
-8.9  2  2  2  2  2  2  2  2  2  2  2  2  2  2  2  2  2  2  2  2  2  2  2  2  2  2  2  2  2  2  2  2  2  2  2  2  2  2  2  2  2  2  2  2  2  2  2  2  2  2  2  2  2  2  2  2  2  2  2  2  2  2  2  2  2  2  2  2  2  2  2  2  2  2
-8.8  2  2  2  2  2  2  2  2  2  2  2  2  2  2  2  2  2  2  2  2  2  2  2  2  2  2  2  2  2  2  2  2  2  2  2  2  2  2  2  2  2  2  2  2  2  2  2  2  2  2  2  2  2  2  2  2  2  2  2  2  2  2  2  2  2  2  2  2  2  2  2  2  2  2
-8.7  2  2  2  2  2  2  2  2  2  2  2  2  2  2  2  2  2  2  2  2  2  2  2  2  2  2  2  2  2  2  2  2  2  2  2  2  2  2  2  2  2  2  2  2  2  2  2  2  2  2  2  2  2  2  2  2  2  2  2  2  2  2  2  2  2  2  2  2  2  2  2  2  2  2
-8.6  2  2  2  2  2  2  2  2  2  2  2  2  2  2  2  2  2  2  2  2  2  2  2  2  2  2  2  2  2  2  2  2  2  2  2  2  2  2  2  2  2  2  2  2  2  2  2  2  2  2  2  2  2  2  2  2  2  2  2  2  2  2  2  2  2  2  2  2  2  2  2  2  2  2
-8.5  2  2  2  2  2  2  2  2  2  2  2  2  2  2  2  2  2  2  2  2  2  2  2  2  2  2  2  2  2  2  2  2  2  2  2  2  2  2  2  2  2  2  2  2  2  2  2  2  2  2  2  2  2  2  2  2  2  2  2  2  2  2  2  2  2  2  2  2  2  2  2  2  2  2
-8.4  2  2  2  2  2  2  2  2  2  2  2  2  2  2  2  2  2  2  2  2  2  2  2  2  2  2  2  2  2  2  2  2  2  2  2  2  2  2  2  2  2  2  2  2  2  2  2  2  2  2  2  2  2  2  2  2  2  2  2  2  2  2  2  2  2  2  2  2  2  2  2  2  2  2
-8.3  2  2  2  2  2  2  2  2  2  2  2  2  2  2  2  2  2  2  2  2  2  2  2  2  2  2  2  2  2  2  2  2  2  2  2  2  2  2  2  2  2  2  2  2  2  2  2  2  2  2  2  2  2  2  2  2  2  2  2  2  2  2  2  2  2  2  2  2  2  2  2  2  2  2
-8.2  2  2  2  2  2  2  2  2  2  2  2  2  2  2  2  2  2  2  2  2  2  2  2  2  2  2  2  2  2  2  2  2  2  2  2  2  2  2  2  2  2  2  2  2  2  2  2  2  2  2  2  2  2  2  2  2  2  2  2  2  2  2  2  2  2  2  2  2  2  2  2  2  2  2
-8.1  2  2  2  2  2  2  2  2  2  2  2  2  2  2  2  2  2  2  2  2  2  2  2  2  2  2  2  2  2  2  2  2  2  2  2  2  2  2  2  2  2  2  2  2  2  2  2  2  2  2  2  2  2  2  2  2  2  2  2  2  2  2  2  2  2  2  2  2  2  2  2  2  2  2
-8  2  2  2  2  2  2  2  2  2  2  2  2  2  2  2  2  2  2  2  2  2  2  2  2  2  2  2  2  2  2  2  2  2  2  2  2  2  2  2  2  2  2  2  2  2  2  2  2  2  2  2  2  2  2  2  2  2  2  2  2  2  2  2  2  2  2  2  2  2  2  2  2  2  2
-7.9  2  2  2  2  2  2  2  2  2  2  2  2  2  2  2  2  2  2  2  2  2  2  2  2  2  2  2  2  2  2  2  2  2  2  2  2  2  2  2  2  2  2  2  2  2  2  2  2  2  2  2  2  2  2  2  2  2  2  2  2  2  2  2  2  2  2  2  2  2  2  2  2  2  2
-7.8  2  2  2  2  2  2  2  2  2  2  2  2  2  2  2  2  2  2  2  2  2  2  2  2  2  2  2  2  2  2  2  2  2  2  2  2  2  2  2  2  2  2  2  2  2  2  2  2  2  2  2  2  2  2  2  2  2  2  2  2  2  2  2  2  2  2  2  2  2  2  2  2  2  2
-7.7  2  2  2  2  2  2  2  2  2  2  2  2  2  2  2  2  2  2  2  2  2  2  2  2  2  2  2  2  2  2  2  2  2  2  2  2  2  2  2  2  2  2  2  2  2  2  2  2  2  2  2  2  2  2  2  2  2  2  2  2  2  2  2  2  2  2  2  2  2  2  2  2  2  2
-7.6  2  2  2  2  2  2  2  2  2  2  2  2  2  2  2  2  2  2  2  2  2  2  2  2  2  2  2  2  2  2  2  2  2  2  2  2  2  2  2  2  2  2  2  2  2  2  2  2  2  2  2  2  2  2  2  2  2  2  2  2  2  2  2  2  2  2  2  2  2  2  2  2  2  2
-7.5  2  2  2  2  2  2  2  2  2  2  2  2  2  2  2  2  2  2  2  2  2  2  2  2  2  2  2  2  2  2  2  2  2  2  2  2  2  2  2  2  2  2  2  2  2  2  2  2  2  2  2  2  2  2  2  2  2  2  2  2  2  2  2  2  2  2  2  2  2  2  2  2  2  2
-7.4  2  2  2  2  2  2  2  2  2  2  2  2  2  2  2  2  2  2  2  2  2  2  2  2  2  2  2  2  2  2  2  2  2  2  2  2  2  2  2  2  2  2  2  2  2  2  2  2  2  2  2  2  2  2  2  2  2  2  2  2  2  2  2  2  2  2  2  2  2  2  2  2  2  2
-7.3  2  2  2  2  2  2  2  2  2  2  2  2  2  2  2  2  2  2  2  2  2  2  2  2  2  2  2  2  2  2  2  2  2  2  2  2  2  2  2  2  2  2  2  2  2  2  2  2  2  2  2  2  2  2  2  2  2  2  2  2  2  2  2  2  2  2  2  2  2  2  2  2  2  2
-7.2  2  2  2  2  2  2  2  2  2  2  2  2  2  2  2  2  2  2  2  2  2  2  2  2  2  2  2  2  2  2  2  2  2  2  2  2  2  2  2  2  2  2  2  2  2  2  2  2  2  2  2  2  2  2  2  2  2  2  2  2  2  2  2  2  2  2  2  2  2  2  2  2  2  2
-7.1  2  2  2  2  2  2  2  2  2  2  2  2  2  2  2  2  2  2  2  2  2  2  2  2  2  2  2  2  2  2  2  2  2  2  2  2  2  2  2  2  2  2  2  2  2  2  2  2  2  2  2  2  2  2  2  2  2  2  2  2  2  2  2  2  2  2  2  2  2  2  2  2  2  2
-7  2  2  2  2  2  2  2  2  2  2  2  2  2  2  2  2  2  2  2  2  2  2  2  2  2  2  2  2  2  2  2  2  2  2  2  2  2  2  2  2  2  2  2  2  2  2  2  2  2  2  2  2  2  2  2  2  2  2  2  2  2  2  2  2  2  2  2  2  2  2  2  2  2  2
-6.9  2  2  2  2  2  2  2  2  2  2  2  2  2  2  2  2  2  2  2  2  2  2  2  2  2  2  2  2  2  2  2  2  2  2  2  2  2  2  2  2  2  2  2  2  2  2  2  2  2  2  2  2  2  2  2  2  2  2  2  2  2  2  2  2  2  2  2  2  2  2  2  2  2  2
-6.8  2  2  2  2  2  2  2  2  2  2  2  2  2  2  2  2  2  2  2  2  2  2  2  2  2  2  2  2  2  2  2  2  2  2  2  2  2  2  2  2  2  2  2  2  2  2  2  2  2  2  2  2  2  2  2  2  2  2  2  2  2  2  2  2  2  2  2  2  2  2  2  2  2  2
-6.7  2  2  2  2  2  2  2  2  2  2  2  2  2  2  2  2  2  2  2  2  2  2  2  2  2  2  2  2  2  2  2  2  2  2  2  2  2  2  2  2  2  2  2  2  2  2  2  2  2  2  2  2  2  2  2  2  2  2  2  2  2  2  2  2  2  2  2  2  2  2  2  2  2  2
-6.6  2  2  2  2  2  2  2  2  2  2  2  2  2  2  2  2  2  2  2  2  2  2  2  2  2  2  2  2  2  2  2  2  2  2  2  2  2  2  2  2  2  2  2  2  2  2  2  2  2  2  2  2  2  2  2  2  2  2  2  2  2  2  2  2  2  2  2  2  2  2  2  2  2  2
-6.5  2  2  2  2  2  2  2  2  2  2  2  2  2  2  2  2  2  2  2  2  2  2  2  2  2  2  2  2  2  2  2  2  2  2  2  2  2  2  2  2  2  2  2  2  2  2  2  2  2  2  2  2  2  2  2  2  2  2  2  2  2  2  2  2  2  2  2  2  2  2  2  2  2  2
-6.4  2  2  2  2  2  2  2  2  2  2  2  2  2  2  2  2  2  2  2  2  2  2  2  2  2  2  2  2  2  2  2  2  2  2  2  2  2  2  2  2  2  2  2  2  2  2  2  2  2  2  2  2  2  2  2  2  2  2  2  2  2  2  2  2  2  2  2  2  2  2  2  2  2  2
-6.3  2  2  2  2  2  2  2  2  2  2  2  2  2  2  2  2  2  2  2  2  2  2  2  2  2  2  2  2  2  2  2  2  2  2  2  2  2  2  2  2  2  2  2  2  2  2  2  2  2  2  2  2  2  2  2  2  2  2  2  2  2  2  2  2  2  2  2  2  2  2  2  2  2  2
-6.2  2  2  2  2  2  2  2  2  2  2  2  2  2  2  2  2  2  2  2  2  2  2  2  2  2  2  2  2  2  2  2  2  2  2  2  2  2  2  2  2  2  2  2  2  2  2  2  2  2  2  2  2  2  2  2  2  2  2  2  2  2  2  2  2  2  2  2  2  2  2  2  2  2  2
-6.1  2  2  2  2  2  2  2  2  2  2  2  2  2  2  2  2  2  2  2  2  2  2  2  2  2  2  2  2  2  2  2  2  2  2  2  2  2  2  2  2  2  2  2  2  2  2  2  2  2  2  2  2  2  2  2  2  2  2  2  2  2  2  2  2  2  2  2  2  2  2  2  2  2  2
-6  2  2  2  2  2  2  2  2  2  2  2  2  2  2  2  2  2  2  2  2  2  2  2  2  2  2  2  2  2  2  2  2  2  2  2  2  2  2  2  2  2  2  2  2  2  2  2  2  2  2  2  2  2  2  2  2  2  2  2  2  2  2  2  2  2  2  2  2  2  2  2  2  2  2
-5.9  2  2  2  2  2  2  2  2  2  2  2  2  2  2  2  2  2  2  2  2  2  2  2  2  2  2  2  2  2  2  2  2  2  2  2  2  2  2  2  2  2  2  2  2  2  2  2  2  2  2  2  2  2  2  2  2  2  2  2  2  2  2  2  2  2  2  2  2  2  2  2  2  2  2
-5.8  2  2  2  2  2  2  2  2  2  2  2  2  2  2  2  2  2  2  2  2  2  2  2  2  2  2  2  2  2  2  2  2  2  2  2  2  2  2  2  2  2  2  2  2  2  2  2  2  2  2  2  2  2  2  2  2  2  2  2  2  2  2  2  2  2  2  2  2  2  2  2  2  2  2
-5.7  2  2  2  2  2  2  2  2  2  2  2  2  2  2  2  2  2  2  2  2  2  2  2  2  2  2  2  2  2  2  2  2  2  2  2  2  2  2  2  2  2  2  2  2  2  2  2  2  2  2  2  2  2  2  2  2  2  2  2  2  2  2  2  2  2  2  2  2  2  2  2  2  2  2
-5.6  2  2  2  2  2  2  2  2  2  2  2  2  2  2  2  2  2  2  2  2  2  2  2  2  2  2  2  2  2  2  2  2  2  2  2  2  2  2  2  2  2  2  2  2  2  2  2  2  2  2  2  2  2  2  2  2  2  2  2  2  2  2  2  2  2  2  2  2  2  2  2  2  2  2
-5.5  2  2  2  2  2  2  2  2  2  2  2  2  2  2  2  2  2  2  2  2  2  2  2  2  2  2  2  2  2  2  2  2  2  2  2  2  2  2  2  2  2  2  2  2  2  2  2  2  2  2  2  2  2  2  2  2  2  2  2  2  2  2  2  2  2  2  2  2  2  2  2  2  2  2
-5.4  2  2  2  2  2  2  2  2  2  2  2  2  2  2  2  2  2  2  2  2  2  2  2  2  2  2  2  2  2  2  2  2  2  2  2  2  2  2  2  2  2  2  2  2  2  2  2  2  2  2  2  2  2  2  2  2  2  2  2  2  2  2  2  2  2  2  2  2  2  2  2  2  2  2
-5.3  2  2  2  2  2  2  2  2  2  2  2  2  2  2  2  2  2  2  2  2  2  2  2  2  2  2  2  2  2  2  2  2  2  2  2  2  2  2  2  2  2  2  2  2  2  2  2  2  2  2  2  2  2  2  2  2  2  2  2  2  2  2  2  2  2  2  2  2  2  2  2  2  2  2
-5.2  2  2  2  2  2  2  2  2  2  2  2  2  2  2  2  2  2  2  2  2  2  2  2  2  2  2  2  2  2  2  2  2  2  2  2  2  2  2  2  2  2  2  2  2  2  2  2  2  2  2  2  2  2  2  2  2  2  2  2  2  2  2  2  2  2  2  2  2  2  2  2  2  2  2
-5.1  2  2  2  2  2  2  2  2  2  2  2  2  2  2  2  2  2  2  2  2  2  2  2  2  2  2  2  2  2  2  2  2  2  2  2  2  2  2  2  2  2  2  2  2  2  2  2  2  2  2  2  2  2  2  2  2  2  2  2  2  2  2  2  2  2  2  2  2  2  2  2  2  2  2
-5  2  2  2  2  2  2  2  2  2  2  2  2  2  2  2  2  2  2  2  2  2  2  2  2  2  2  2  2  2  2  2  2  2  2  2  2  2  2  2  2  2  2  2  2  2  2  2  2  2  2  2  2  2  2  2  2  2  2  2  2  2  2  2  2  2  2  2  2  2  2  2  2  2  2
-4.9  2  2  2  2  2  2  2  2  2  2  2  2  2  2  2  2  2  2  2  2  2  2  2  2  2  2  2  2  2  2  2  2  2  2  2  2  2  2  2  2  2  2  2  2  2  2  2  2  2  2  2  2  2  2  2  2  2  2  2  2  2  2  2  2  2  2  2  2  2  2  2  2  2  2
-4.8  2  2  2  2  2  2  2  2  2  2  2  2  2  2  2  2  2  2  2  2  2  2  2  2  2  2  2  2  2  2  2  2  2  2  2  2  2  2  2  2  2  2  2  2  2  2  2  2  2  2  2  2  2  2  2  2  2  2  2  2  2  2  2  2  2  2  2  2  2  2  2  2  2  2
-4.7  2  2  2  2  2  2  2  2  2  2  2  2  2  2  2  2  2  2  2  2  2  2  2  2  2  2  2  2  2  2  2  2  2  2  2  2  2  2  2  2  2  2  2  2  2  2  2  2  2  2  2  2  2  2  2  2  2  2  2  2  2  2  2  2  2  2  2  2  2  2  2  2  2  2
-4.6  2  2  2  2  2  2  2  2  2  2  2  2  2  2  2  2  2  2  2  2  2  2  2  2  2  2  2  2  2  2  2  2  2  2  2  2  2  2  2  2  2  2  2  2  2  2  2  2  2  2  2  2  2  2  2  2  2  2  2  2  2  2  2  2  2  2  2  2  2  2  2  2  2  2
-4.5  2  2  2  2  2  2  2  2  2  2  2  2  2  2  2  2  2  2  2  2  2  2  2  2  2  2  2  2  2  2  2  2  2  2  2  2  2  2  2  2  2  2  2  2  2  2  2  2  2  2  2  2  2  2  2  2  2  2  2  2  2  2  2  2  2  2  2  2  2  2  2  2  2  2
-4.4  2  2  2  2  2  2  2  2  2  2  2  2  2  2  2  2  2  2  2  2  2  2  2  2  2  2  2  2  2  2  2  2  2  2  2  2  2  2  2  2  2  2  2  2  2  2  2  2  2  2  2  2  2  2  2  2  2  2  2  2  2  2  2  2  2  2  2  2  2  2  2  2  2  2
-4.3  2  2  2  2  2  2  2  2  2  2  2  2  2  2  2  2  2  2  2  2  2  2  2  2  2  2  2  2  2  2  2  2  2  2  2  2  2  2  2  2  2  2  2  2  2  2  2  2  2  2  2  2  2  2  2  2  2  2  2  2  2  2  2  2  2  2  2  2  2  2  2  2  2  2
-4.2  2  2  2  2  2  2  2  2  2  2  2  2  2  2  2  2  2  2  2  2  2  2  2  2  2  2  2  2  2  2  2  2  2  2  2  2  2  2  2  2  2  2  2  2  2  2  2  2  2  2  2  2  2  2  2  2  2  2  2  2  2  2  2  2  2  2  2  2  2  2  2  2  2  2
-4.1  2  2  2  2  2  2  2  2  2  2  2  2  2  2  2  2  2  2  2  2  2  2  2  2  2  2  2  2  2  2  2  2  2  2  2  2  2  2  2  2  2  2  2  2  2  2  2  2  2  2  2  2  2  2  2  2  2  2  2  2  2  2  2  2  2  2  2  2  2  2  2  2  2  2
-4  2  2  2  2  2  2  2  2  2  2  2  2  2  2  2  2  2  2  2  2  2  2  2  2  2  2  2  2  2  2  2  2  2  2  2  2  2  2  2  2  2  2  2  2  2  2  2  2  2  2  2  2  2  2  2  2  2  2  2  2  2  2  2  2  2  2  2  2  2  2  2  2  2  2
-3.9  2  2  2  2  2  2  2  2  2  2  2  2  2  2  2  2  2  2  2  2  2  2  2  2  2  2  2  2  2  2  2  2  2  2  2  2  2  2  2  2  2  2  2  2  2  2  2  2  2  2  2  2  2  2  2  2  2  2  2  2  2  2  2  2  2  2  2  2  2  2  2  2  2  2
-3.8  2  2  2  2  2  2  2  2  2  2  2  2  2  2  2  2  2  2  2  2  2  2  2  2  2  2  2  2  2  2  2  2  2  2  2  2  2  2  2  2  2  2  2  2  2  2  2  2  2  2  2  2  2  2  2  2  2  2  2  2  2  2  2  2  2  2  2  2  2  2  2  2  2  2
-3.7  2  2  2  2  2  2  2  2  2  2  2  2  2  2  2  2  2  2  2  2  2  2  2  2  2  2  2  2  2  2  2  2  2  2  2  2  2  2  2  2  2  2  2  2  2  2  2  2  2  2  2  2  2  2  2  2  2  2  2  2  2  2  2  2  2  2  2  2  2  2  2  2  2  2
-3.6  2  2  2  2  2  2  2  2  2  2  2  2  2  2  2  2  2  2  2  2  2  2  2  2  2  2  2  2  2  2  2  2  2  2  2  2  2  2  2  2  2  2  2  2  2  2  2  2  2  2  2  2  2  2  2  2  2  2  2  2  2  2  2  2  2  2  2  2  2  2  2  2  2  2
-3.5  2  2  2  2  2  2  2  2  2  2  2  2  2  2  2  2  2  2  2  2  2  2  2  2  2  2  2  2  2  2  2  2  2  2  2  2  2  2  2  2  2  2  2  2  2  2  2  2  2  2  2  2  2  2  2  2  2  2  2  2  2  2  2  2  2  2  2  2  2  2  2  2  2  2
-3.4  2  2  2  2  2  2  2  2  2  2  2  2  2  2  2  2  2  2  2  2  2  2  2  2  2  2  2  2  2  2  2  2  2  2  2  2  2  2  2  2  2  2  2  2  2  2  2  2  2  2  2  2  2  2  2  2  2  2  2  2  2  2  2  2  2  2  2  2  2  2  2  2  2  2
-3.3  2  2  2  2  2  2  2  2  2  2  2  2  2  2  2  2  2  2  2  2  2  2  2  2  2  2  2  2  2  2  2  2  2  2  2  2  2  2  2  2  2  2  2  2  2  2  2  2  2  2  2  2  2  2  2  2  2  2  2  2  2  2  2  2  2  2  2  2  2  2  2  2  2  2
-3.2  2  2  2  2  2  2  2  2  2  2  2  2  2  2  2  2  2  2  2  2  2  2  2  2  2  2  2  2  2  2  2  2  2  2  2  2  2  2  2  2  2  2  2  2  2  2  2  2  2  2  2  2  2  2  2  2  2  2  2  2  2  2  2  2  2  2  2  2  2  2  2  2  2  2
-3.1  2  2  2  2  2  2  2  2  2  2  2  2  2  2  2  2  2  2  2  2  2  2  2  2  2  2  2  2  2  2  2  2  2  2  2  2  2  2  2  2  2  2  2  2  2  2  2  2  2  2  2  2  2  2  2  2  2  2  2  2  2  2  2  2  2  2  2  2  2  2  2  2  2  2
-3  2  2  2  2  2  2  2  2  2  2  2  2  2  2  2  2  2  2  2  2  2  2  2  2  2  2  2  2  2  2  2  2  2  2  2  2  2  2  2  2  2  2  2  2  2  2  2  2  2  2  2  2  2  2  2  2  2  2  2  2  2  2  2  2  2  2  2  2  2  2  2  2  2  2
-2.9  2  2  2  2  2  2  2  2  2  2  2  2  2  2  2  2  2  2  2  2  2  2  2  2  2  2  2  2  2  2  2  2  2  2  2  2  2  2  2  2  2  2  2  2  2  2  2  2  2  2  2  2  2  2  2  2  2  2  2  2  2  2  2  2  2  2  2  2  2  2  2  2  2  2
-2.8  2  2  2  2  2  2  2  2  2  2  2  2  2  2  2  2  2  2  2  2  2  2  2  2  2  2  2  2  2  2  2  2  2  2  2  2  2  2  2  2  2  2  2  2  2  2  2  2  2  2  2  2  2  2  2  2  2  2  2  2  2  2  2  2  2  2  2  2  2  2  2  2  2  2
-2.7  2  2  2  2  2  2  2  2  2  2  2  2  2  2  2  2  2  2  2  2  2  2  2  2  2  2  2  2  2  2  2  2  2  2  2  2  2  2  2  2  2  2  2  2  2  2  2  2  2  2  2  2  2  2  2  2  2  2  2  2  2  2  2  2  2  2  2  2  2  2  2  2  2  2
-2.6  2  2  2  2  2  2  2  2  2  2  2  2  2  2  2  2  2  2  2  2  2  2  2  2  2  2  2  2  2  2  2  2  2  2  2  2  2  2  2  2  2  2  2  2  2  2  2  2  2  2  2  2  2  2  2  2  2  2  2  2  2  2  2  2  2  2  2  2  2  2  2  2  2  2
-2.5  2  2  2  2  2  2  2  2  2  2  2  2  2  2  2  2  2  2  2  2  2  2  2  2  2  2  2  2  2  2  2  2  2  2  2  2  2  2  2  2  2  2  2  2  2  2  2  2  2  2  2  2  2  2  2  2  2  2  2  2  2  2  2  2  2  2  2  2  2  2  2  2  2  2
-2.4  2  2  2  2  2  2  2  2  2  2  2  2  2  2  2  2  2  2  2  2  2  2  2  2  2  2  2  2  2  2  2  2  2  2  2  2  2  2  2  2  2  2  2  2  2  2  2  2  2  2  2  2  2  2  2  2  2  2  2  2  2  2  2  2  2  2  2  2  2  2  2  2  2  2
-2.3  2  2  2  2  2  2  2  2  2  2  2  2  2  2  2  2  2  2  2  2  2  2  2  2  2  2  2  2  2  2  2  2  2  2  2  2  2  2  2  2  2  2  2  2  2  2  2  2  2  2  2  2  2  2  2  2  2  2  2  2  2  2  2  2  2  2  2  2  2  2  2  2  2  2
-2.2  2  2  2  2  2  2  2  2  2  2  2  2  2  2  2  2  2  2  2  2  2  2  2  2  2  2  2  2  2  2  2  2  2  2  2  2  2  2  2  2  2  2  2  2  2  2  2  2  2  2  2  2  2  2  2  2  2  2  2  2  2  2  2  2  2  2  2  2  2  2  2  2  2  2
-2.1  2  2  2  2  2  2  2  2  2  2  2  2  2  2  2  2  2  2  2  2  2  2  2  2  2  2  2  2  2  2  2  2  2  2  2  2  2  2  2  2  2  2  2  2  2  2  2  2  2  2  2  2  2  2  2  2  2  2  2  2  2  2  2  2  2  2  2  2  2  2  2  2  2  2
-2  2  2  2  2  2  2  2  2  2  2  2  2  2  2  2  2  2  2  2  2  2  2  2  2  2  2  2  2  2  2  2  2  2  2  2  2  2  2  2  2  2  2  2  2  2  2  2  2  2  2  2  2  2  2  2  2  2  2  2  2  2  2  2  2  2  2  2  2  2  2  2  2  2  2
-1.9  2  2  2  2  2  2  2  2  2  2  2  2  2  2  2  2  2  2  2  2  2  2  2  2  2  2  2  2  2  2  2  2  2  2  2  2  2  2  2  2  2  2  2  2  2  2  2  2  2  2  2  2  2  2  2  2  2  2  2  2  2  2  2  2  2  2  2  2  2  2  2  2  2  2
-1.8  2  2  2  2  2  2  2  2  2  2  2  2  2  2  2  2  2  2  2  2  2  2  2  2  2  2  2  2  2  2  2  2  2  2  2  2  2  2  2  2  2  2  2  2  2  2  2  2  2  2  2  2  2  2  2  2  2  2  2  2  2  2  2  2  2  2  2  2  2  2  2  2  2  2
-1.7  2  2  2  2  2  2  2  2  2  2  2  2  2  2  2  2  2  2  2  2  2  2  2  2  2  2  2  2  2  2  2  2  2  2  2  2  2  2  2  2  2  2  2  2  2  2  2  2  2  2  2  2  2  2  2  2  2  2  2  2  2  2  2  2  2  2  2  2  2  2  2  2  2  2
-1.6  2  2  2  2  2  2  2  2  2  2  2  2  2  2  2  2  2  2  2  2  2  2  2  2  2  2  2  2  2  2  2  2  2  2  2  2  2  2  2  2  2  2  2  2  2  2  2  2  2  2  2  2  2  2  2  2  2  2  2  2  2  2  2  2  2  2  2  2  2  2  2  2  2  2
-1.5  2  2  2  2  2  2  2  2  2  2  2  2  2  2  2  2  2  2  2  2  2  2  2  2  2  2  2  2  2  2  2  2  2  2  2  2  2  2  2  2  2  2  2  2  2  2  2  2  2  2  2  2  2  2  2  2  2  2  2  2  2  2  2  2  2  2  2  2  2  2  2  2  2  2
-1.4  2  2  2  2  2  2  2  2  2  2  2  2  2  2  2  2  2  2  2  2  2  2  2  2  2  2  2  2  2  2  2  2  2  2  2  2  2  2  2  2  2  2  2  2  2  2  2  2  2  2  2  2  2  2  2  2  2  2  2  2  2  2  2  2  2  2  2  1.99999  1.99999  1.99999  1.99999  1.9982  1.99806  1.99622
-1.3  2  2  2  2  2  2  2  2  2  2  2  2  2  2  2  2  2  2  2  2  2  2  2  2  2  2  2  2  2  2  2  2  2  2  2  2  2  2  2  2  2  2  2  2  2  2  2  2  2  2  2  2  2  2  2  2  2  2  2  1.99999  1.99999  1.99999  1.99999  1.99817  1.99803  1.99616  1.99458  1.99307  1.99158  1.99005  1.98847  1.9886  1.98602  1.98548
-1.2  2  2  2  2  2  2  2  2  2  2  2  2  2  2  2  2  2  2  2  2  2  2  2  2  2  2  2  2  2  2  2  2  2  2  2  2  2  2  2  2  2  2  2  2  2  2  2  2  2  2  2  1.99999  1.99999  1.99999  1.99999  1.99822  1.99808  1.99623  1.99465  1.99313  1.99161  1.99005  1.98842  1.98852  1.98588  1.9853  1.98354  1.98137  1.97892  1.97624  1.97336  1.97028  1.96844  1.96525
-1.1  2  2  2  2  2  2  2  2  2  2  2  2  2  2  2  2  2  2  2  2  2  2  2  2  2  2  2  2  2  2  2  2  2  2  2  2  2  2  2  2  2  2  2  2  1.99999  1.99999  1.99999  1.99835  1.99821  1.99644  1.9949  1.9934  1.99189  1.99033  1.9887  1.98873  1.98608  1.98544  1.98363  1.9814  1.97888  1.9761  1.97311  1.96991  1.96796  1.96464  1.96226  1.95954  1.95646  1.95306  1.94934  1.94532  1.94054  1.93668
-1  2  2  2  2  2  2  2  2  2  2  2  2  2  2  2  2  2  2  2  2  2  2  2  2  2  2  2  2  2  2  2  2  2  2  2  2  2  1.99999  1.99999  1.99999  1.9982  1.99805  1.99612  1.99444  1.99281  1.99116  1.98945  1.9893  1.98666  1.98592  1.98408  1.98182  1.97926  1.97645  1.97341  1.97014  1.96803  1.96459  1.96205  1.95916  1.95589  1.95228  1.94834  1.94408  1.93906  1.93496  1.92995  1.92531  1.92068  1.91592  1.91098  1.90581  1.90041  1.89414
-0.9  2  2  2  2  2  2  2  2  2  2  2  2  2  2  2  2  2  2  2  2  2  2  2  2  2  2  2  2  2  2  1.99999  1.99999  1.99999  1.99817  1.99802  1.99599  1.99421  1.99245  1.99064  1.98875  1.98854  1.98563  1.98476  1.9827  1.98019  1.97735  1.97424  1.97088  1.96853  1.96497  1.96221  1.95913  1.95569  1.95191  1.94779  1.94334  1.93812  1.93372  1.92843  1.92345  1.91847  1.91333  1.90799  1.90242  1.89661  1.88994  1.88364  1.87671  1.8697  1.86273  1.8557  1.84862  1.84144  1.83427
-0.8  2  2  2  2  2  2  2  2  2  2  2  2  2  2  2  2  2  2  2  2  2  2  2  1.99999  1.99999  1.99999  1.99823  1.99808  1.99605  1.99423  1.99241  1.99051  1.98851  1.98818  1.98507  1.98406  1.98178  1.97899  1.97582  1.97232  1.96853  1.96585  1.96184  1.9587  1.95521  1.95133  1.94707  1.94246  1.93708  1.93237  1.92681  1.92149  1.91615  1.91064  1.90493  1.89896  1.89273  1.88565  1.87885  1.87141  1.86386  1.8563  1.84867  1.84099  1.83323  1.82548  1.81706  1.8087  1.79993  1.79086  1.78169  1.77241  1.7631  1.75374
-0.7  2  2  2  2  2  2  2  2  2  2  2  2  2  2  2  2  2  1.99999  1.99999  1.99998  1.99811  1.99642  1.99471  1.9929  1.99095  1.98883  1.98829  1.98505  1.98382  1.98135  1.97833  1.9749  1.9711  1.96696  1.96385  1.95936  1.95572  1.95168  1.94719  1.94227  1.93694  1.9308  1.9254  1.91909  1.91303  1.90697  1.90073  1.89428  1.88757  1.88008  1.87277  1.86486  1.85679  1.84868  1.84048  1.83219  1.82379  1.81536  1.80626  1.79718  1.78769  1.77785  1.76791  1.75786  1.74782  1.73775  1.7279  1.71771  1.70753  1.69722  1.6866  1.67584  1.66492  1.65394
-0.6  2  2  2  2  2  2  2  2  2  2  2  2  2  1.99999  1.99833  1.99669  1.9949  1.9929  1.99066  1.98817  1.98728  1.985  1.9821  1.97873  1.97493  1.97073  1.96613  1.96241  1.95739  1.95309  1.94842  1.94328  1.93769  1.93165  1.92473  1.91843  1.91118  1.90412  1.89701  1.8897  1.88215  1.87437  1.86577  1.8574  1.84843  1.8393  1.83016  1.82095  1.81168  1.8024  1.79255  1.7827  1.77248  1.76193  1.75125  1.74045  1.72961  1.71872  1.708  1.69696  1.68591  1.67472  1.66323  1.65164  1.63993  1.6282  1.61644  1.60495  1.5934  1.58192  1.57056  1.55907  1.54755  1.53591
-0.5  2  2  2  2  2  2  2  2  2  1.99999  1.99782  1.99555  1.99294  1.9899  1.98811  1.98511  1.98146  1.97726  1.97254  1.96731  1.96159  1.95669  1.95145  1.94574  1.93956  1.93291  1.92581  1.91785  1.91038  1.90201  1.89374  1.88544  1.87693  1.86817  1.85911  1.84921  1.83946  1.82906  1.81844  1.8078  1.79712  1.78645  1.77585  1.76472  1.75362  1.7422  1.73047  1.71865  1.70675  1.69483  1.68309  1.6711  1.65913  1.64709  1.6348  1.62241  1.6099  1.59735  1.58475  1.5724  1.56001  1.54768  1.53551  1.52325  1.51104  1.4988  1.48655  1.47423  1.46213  1.45014  1.43825  1.42662  1.41506  1.40364
-0.4  2  2  2  2  2  2  1.99811  1.99538  1.99171  1.98713  1.98386  1.979  1.97319  1.96648  1.95906  1.95203  1.94464  1.93678  1.92845  1.91965  1.91039  1.90026  1.89026  1.88026  1.87013  1.85981  1.84926  1.83848  1.82697  1.81556  1.80361  1.79144  1.77926  1.76703  1.75477  1.74256  1.72982  1.7171  1.70407  1.69071  1.67736  1.66406  1.65088  1.63792  1.62479  1.61173  1.59867  1.58538  1.57204  1.55861  1.54518  1.53199  1.51885  1.50582  1.49301  1.48016  1.46736  1.45449  1.44162  1.42868  1.41597  1.40339  1.39095  1.37887  1.36697  1.35525  1.34367  1.33227  1.32091  1.3097  1.29855  1.28749  1.27667  1.26607
-0.3  2  2  2  1.99998  1.99645  1.98966  1.98233  1.97325  1.96296  1.95163  1.93938  1.9276  1.91553  1.90289  1.88992  1.87629  1.86274  1.84924  1.83573  1.82218  1.80856  1.79487  1.78062  1.76618  1.7518  1.73751  1.72332  1.70922  1.69528  1.681  1.66678  1.65239  1.63775  1.6231  1.60845  1.5939  1.57964  1.5653  1.55107  1.53696  1.52276  1.5087  1.4943  1.48002  1.4661  1.4523  1.43863  1.4252  1.41182  1.39854  1.38534  1.37222  1.35937  1.34678  1.33442  1.32239  1.31039  1.29855  1.28685  1.27531  1.26385  1.25257  1.24152  1.23068  1.21997  1.20954  1.19946  1.18975  1.18045  1.17159  1.16325  1.15541  1.14803  1.1411
-0.2  2  2  2.00053  1.98181  1.95763  1.93338  1.90932  1.88651  1.86459  1.84343  1.82283  1.80221  1.78218  1.76259  1.74385  1.72582  1.70774  1.68988  1.67238  1.65527  1.63857  1.62227  1.60642  1.59063  1.57483  1.55923  1.5438  1.52849  1.51332  1.49849  1.48367  1.46899  1.45451  1.43993  1.42543  1.41104  1.39683  1.38307  1.36958  1.35641  1.34365  1.32907  1.3153  1.30201  1.28897  1.27609  1.26348  1.25118  1.23935  1.22793  1.21693  1.20631  1.19599  1.18603  1.17644  1.16729  1.15886  1.15108  1.14391  1.13734  1.13134  1.12585  1.12087  1.10972  1.10167  1.0957  1.09123  1.08792  1.08554  1.08396  1.08305  1.08276  1.08302  1.08379
-0.1  2  1.95  1.85132  1.79129  1.74589  1.70844  1.67673  1.64866  1.62305  1.59938  1.57714  1.55605  1.53606  1.51671  1.4991  1.48143  1.46493  1.44884  1.43317  1.41801  1.40338  1.38921  1.37559  1.36271  1.35042  1.3381  1.32526  1.3122  1.29907  1.28595  1.27314  1.26064  1.24849  1.23692  1.22581  1.21514  1.20487  1.19492  1.18545  1.17646  1.1571  1.14439  1.13435  1.12617  1.11958  1.1145  1.11064  1.10776  1.10574  1.10447  1.10387  1.1039  1.10449  1.10559  1.10715  1.10914  1.1115  1.11425  1.11736  1.12082  1.12461  1.12874  1.13288  1.143  1.14788  1.15025  1.1515  1.15231  1.15296  1.15362  1.15438  1.15529  1.15639  1.15772
0  1  1.08536  1.15254  1.19063  1.21347  1.22496  1.22886  1.22753  1.22295  1.21604  1.20772  1.20194  1.19628  1.19067  1.18225  1.17537  1.1681  1.16146  1.15527  1.14945  1.14406  1.13922  1.13494  1.13122  1.12818  1.12628  1.12595  1.12686  1.12882  1.1317  1.13533  1.13961  1.14442  1.14966  1.15526  1.16119  1.16726  1.17354  1.18  1.18659  1.20295  1.20949  1.21192  1.21241  1.21185  1.21075  1.20949  1.20828  1.20724  1.20644  1.20593  1.20575  1.2059  1.2064  1.20724  1.20841  1.2099  1.2117  1.2138  1.21618  1.21885  1.22178  1.22526  1.2298  1.23829  1.24681  1.25434  1.26082  1.26642  1.27135  1.27579  1.27988  1.28373  1.28743
0.1  1  0.964645  0.995059  1.02164  1.05037  1.07798  1.10232  1.12295  1.13998  1.1539  1.1959  1.19833  1.23225  1.22515  1.23893  1.24217  1.24861  1.25316  1.25727  1.26091  1.26411  1.26693  1.26947  1.2718  1.27398  1.27608  1.27788  1.27993  1.28237  1.28476  1.28741  1.28999  1.29282  1.29558  1.29856  1.29983  1.30249  1.30544  1.3084  1.31131  1.31541  1.32684  1.33728  1.34527  1.35119  1.35561  1.35897  1.36161  1.3638  1.36573  1.36751  1.36921  1.37091  1.37263  1.37441  1.37628  1.37824  1.38031  1.38249  1.38478  1.38717  1.38967  1.39226  1.39513  1.3976  1.40259  1.4091  1.41612  1.42328  1.43037  1.43733  1.44414  1.45079  1.45728
0.2  1  1  0.997779  1.0089  1.02576  1.04785  1.07392  1.10587  1.14307  1.1838  1.19346  1.23782  1.24593  1.29331  1.31598  1.34554  1.36891  1.39145  1.41201  1.43085  1.44814  1.46396  1.47836  1.49141  1.50323  1.51149  1.51933  1.52648  1.53026  1.53416  1.53542  1.5373  1.53698  1.5375  1.52609  1.5283  1.5276  1.52556  1.52283  1.51976  1.51657  1.51198  1.5105  1.51199  1.51544  1.52011  1.52539  1.53096  1.53663  1.54219  1.54761  1.55279  1.55777  1.56248  1.56698  1.57123  1.57529  1.57912  1.58274  1.58619  1.58946  1.59256  1.59549  1.59819  1.6006  1.60186  1.60313  1.60613  1.61062  1.6163  1.62291  1.63021  1.63783  1.64553
0.3  1  1  1.00277  1.00572  1.01079  1.01783  1.02779  1.03847  1.04884  1.05951  1.07335  1.08708  1.10358  1.11954  1.13924  1.159  1.17963  1.20023  1.22075  1.241  1.26084  1.28015  1.29855  1.31659  1.3217  1.33811  1.35433  1.35551  1.36946  1.37004  1.38357  1.38329  1.39592  1.39469  1.41647  1.4123  1.41054  1.41031  1.4111  1.41264  1.41463  1.41684  1.41929  1.4221  1.42598  1.43003  1.43494  1.44039  1.4455  1.45101  1.45608  1.46141  1.46623  1.47122  1.47569  1.48023  1.48429  1.48797  1.49169  1.49505  1.49811  1.50093  1.50355  1.506  1.50829  1.51042  1.51946  1.52751  1.53484  1.54166  1.54817  1.55294  1.55696  1.5607
0.4  1  1  1  1.00021  1.00024  1.00109  1.00258  1.00414  1.00613  1.00843  1.01095  1.01507  1.01971  1.026  1.03247  1.0401  1.04827  1.05691  1.06567  1.07428  1.0825  1.09013  1.09754  1.10778  1.12922  1.13609  1.14132  1.16536  1.17134  1.19555  1.19999  1.22231  1.22565  1.24792  1.24965  1.26663  1.28126  1.29416  1.30639  1.31736  1.32726  1.33692  1.34632  1.36356  1.37035  1.38569  1.39898  1.40281  1.41503  1.41848  1.4295  1.43261  1.44235  1.44518  1.45365  1.45623  1.45931  1.46641  1.469  1.47187  1.47485  1.47784  1.48079  1.48364  1.48635  1.48891  1.48413  1.47924  1.47429  1.46933  1.46432  1.46089  1.45806  1.45544
0.5  1  1  1  0.999806  0.999405  0.99878  0.998  0.99713  0.996411  0.995992  0.99599  0.99642  0.997523  0.999272  1.00173  1.00485  1.00875  1.01349  1.01915  1.02576  1.03335  1.05061  1.05942  1.06502  1.07163  1.09682  1.10817  1.11359  1.14225  1.14671  1.15987  1.18401  1.19641  1.20073  1.23255  1.24164  1.25173  1.28053  1.2893  1.29847  1.32462  1.34336  1.36341  1.37281  1.39036  1.39709  1.40398  1.41862  1.42319  1.43514  1.43819  1.44801  1.45008  1.45812  1.45955  1.46602  1.47114  1.47147  1.47562  1.47875  1.4811  1.48281  1.48398  1.48376  1.48327  1.48155  1.47992  1.47707  1.47383  1.46938  1.46463  1.45956  1.45355  1.44746
0.6  1  1  1  1  0.999985  0.999972  0.999922  0.999835  0.999824  0.999981  1.0004  1.00119  1.00239  1.00415  1.0065  1.00957  1.01343  1.01816  1.02386  1.03321  1.04361  1.04651  1.05973  1.07459  1.09014  1.09279  1.11092  1.13053  1.13377  1.15513  1.17589  1.17943  1.20176  1.22402  1.22618  1.24885  1.27045  1.27259  1.29396  1.31292  1.31362  1.32042  1.32419  1.32896  1.33386  1.33968  1.34537  1.351  1.35743  1.36358  1.37021  1.37633  1.3827  1.38844  1.39429  1.39936  1.40456  1.40967  1.41401  1.41835  1.42251  1.42636  1.42662  1.42992  1.42922  1.43381  1.43214  1.43388  1.43196  1.43322  1.43542  1.43265  1.43436  1.43239
0.7  1  1  1  1  1.00001  1.00006  1.00014  1.00028  1.0005  1.00081  1.00125  1.00185  1.00265  1.00369  1.00503  1.00672  1.00883  1.01141  1.0138  1.01405  1.01576  1.01819  1.02112  1.02311  1.02753  1.03291  1.03841  1.0447  1.05226  1.06008  1.0685  1.07822  1.08375  1.09404  1.10589  1.11744  1.12947  1.14287  1.14928  1.16227  1.17641  1.18984  1.20157  1.21167  1.22046  1.22841  1.23576  1.24262  1.25163  1.25748  1.26578  1.27107  1.2788  1.28378  1.28945  1.29582  1.30223  1.30874  1.31548  1.32181  1.32788  1.33333  1.33663  1.34093  1.34634  1.34842  1.35549  1.35906  1.36657  1.36944  1.37029  1.37894  1.38283  1.39032
0.8  1  1  1  1  1  1  1  1.00001  1.00002  1.00004  1.00006  1.00007  1.00009  1.0001  1.00011  1.00012  1.00013  1.00016  1.00093  1.00185  1.00195  1.00186  1.00194  1.00332  1.0034  1.00328  1.00359  1.00386  1.00396  1.00463  1.00542  1.00609  1.01154  1.01422  1.01633  1.01881  1.02129  1.02486  1.03558  1.03974  1.04326  1.0471  1.05223  1.05839  1.06575  1.07352  1.08142  1.09586  1.10016  1.11531  1.11912  1.13464  1.1381  1.1538  1.16843  1.18227  1.19561  1.20843  1.22081  1.23302  1.24494  1.25712  1.26433  1.27926  1.29579  1.30068  1.31602  1.32166  1.33581  1.34181  1.35718  1.35875  1.37059  1.37205
0.9  1  1  1  1  1  0.999999  0.999995  0.999986  0.999968  0.999935  0.999883  0.999804  0.999692  0.999538  0.999336  0.999079  0.998762  0.998377  0.99792  0.99741  0.996968  0.996574  0.996208  0.995865  0.995584  0.995381  0.995236  0.995218  0.995294  0.995445  0.995784  0.998797  0.9994  1.00034  1.00533  1.0075  1.0105  1.01248  1.02068  1.0258  1.03128  1.037  1.04329  1.06  1.06625  1.0726  1.09171  1.09141  1.11322  1.11255  1.13587  1.13458  1.15898  1.17227  1.18545  1.19832  1.21079  1.22283  1.23444  1.24561  1.25636  1.26654  1.28615  1.2927  1.29944  1.31575  1.32068  1.33527  1.33925  1.35279  1.35626  1.36964  1.37219  1.38444
1  1  1  1  1  1  1  1  1  0.999999  0.999998  0.999996  0.999992  0.999988  0.999985  0.999984  0.999988  1  1.00004  1.00009  1.00014  1.00016  1.00025  1.00042  1.00068  1.00096  1.00137  1.00197  1.00277  1.00383  1.0052  1.0069  1.00646  1.00904  1.01171  1.01135  1.01502  1.01922  1.02415  1.02392  1.02992  1.03684  1.04699  1.05779  1.05968  1.07284  1.08691  1.08887  1.10494  1.1068  1.12398  1.12629  1.1448  1.14744  1.15181  1.15613  1.16101  1.16643  1.17233  1.17865  1.18535  1.19237  1.19963  1.20705  1.21567  1.22386  1.23179  1.24071  1.24898  1.25795  1.26621  1.27509  1.28335  1.29165  1.29941
1.1  1  1  1  1  1  1  1  1  1  1  1.00001  1.00001  1.00003  1.00005  1.00008  1.00012  1.00019  1.00028  1.0004  1.00056  1.00077  1.00103  1.00135  1.00174  1.00221  1.00276  1.00341  1.00418  1.00509  1.00615  1.0074  1.00886  1.01037  1.01147  1.01276  1.01411  1.01566  1.01739  1.01934  1.02132  1.02355  1.02372  1.02556  1.02651  1.02918  1.03084  1.03531  1.03767  1.043  1.04849  1.05462  1.06104  1.06802  1.07155  1.0788  1.08615  1.09367  1.10141  1.10562  1.11295  1.12056  1.12841  1.13644  1.14439  1.15356  1.16268  1.1699  1.17742  1.18467  1.19211  1.19922  1.20647  1.21371  1.22071
1.2  1  1  1  1  1  1  1  1  1  1  1  1  1  1  1  1  1.00001  1.00001  1.00001  1  1  1  1.00001  1.00001  1.00001  1  0.999998  0.999985  0.999958  0.999912  0.999838  0.99973  0.999699  1.00035  1.00106  1.00182  1.00264  1.00354  1.00451  1.00559  1.00666  1.00779  1.00756  1.00861  1.0084  1.00963  1.00755  1.00937  1.00936  1.00963  1.00982  1.00902  1.00833  1.01186  1.01328  1.01486  1.01657  1.01944  1.0265  1.02983  1.03333  1.03708  1.04112  1.04547  1.04901  1.05306  1.05927  1.06564  1.07225  1.0792  1.08627  1.09366  1.10111  1.11471
1.3  1  1  1  1  1  1  1  1  1  1  1  0.999999  0.999998  0.999997  0.999994  0.999989  0.999981  0.999969  0.999952  0.999927  0.999892  0.999844  0.99978  0.999696  0.99959  0.999455  0.999287  0.999082  0.998833  0.998533  0.998174  0.997748  0.997245  0.996661  0.996017  0.995313  0.994551  0.993732  0.992858  0.99193  0.991159  0.990495  0.990164  0.989904  0.989589  0.990183  0.991557  0.991488  0.991413  0.991349  0.992817  0.994133  0.995508  0.999238  1.00058  1.00248  1.00484  1.00658  1.01277  1.01652  1.02067  1.0251  1.02981  1.03478  1.04735  1.05245  1.05726  1.06223  1.07747  1.08237  1.09566  1.10026  1.11182  1.11097
1.4  1  1  1  1  1  1  1  1  1  1  1  1  1  1  1  1  0.999999  0.999999  0.999999  0.999998  0.999998  0.999998  0.999998  0.999999  1  1  1.00001  1.00001  1.00002  1.00004  1.00007  1.00011  1.00017  1.00024  1.0003  1.00033  1.00034  1.00033  1.00029  1.00022  1.00009  0.999926  0.99976  0.999693  0.999739  0.999197  0.999435  1.00045  1.00129  1.00214  1.00164  1.00374  1.00565  1.00535  1.00888  1.01114  1.01393  1.01731  1.01696  1.02311  1.02768  1.03297  1.03895  1.04559  1.04554  1.05392  1.06631  1.07877  1.0812  1.09435  1.09935  1.11384  1.1215  1.13647
1.5  1  1  1  1  1  1  1  1  1  1  1  1  1  1  1  1  1  1  1  1.00001  1.00001  1.00002  1.00003  1.00004  1.00006  1.00009  1.00013  1.00018  1.00024  1.00032  1.00043  1.00056  1.00073  1.00094  1.0012  1.00152  1.00191  1.00237  1.00292  1.00356  1.00428  1.00507  1.00594  1.00687  1.00791  1.00905  1.01029  1.01107  1.01181  1.01295  1.0144  1.01517  1.01653  1.01825  1.01863  1.02078  1.02291  1.02505  1.02725  1.02745  1.03002  1.03262  1.03528  1.03802  1.04085  1.04347  1.04299  1.04327  1.04419  1.04538  1.04927  1.05065  1.05564  1.05773
1.6  1  1  1  1  1  1  1  1  1  1  1  1  1  1  1  1  1  1  1  1  1  1  1  1  1  1  1  1  1  1  0.999999  0.999997  0.999993  0.999988  0.999979  0.999969  0.999959  0.999952  0.99995  0.999957  0.999974  1  1.00005  1.0001  1.00017  1.00024  1.00036  1.0005  1.00109  1.00169  1.00234  1.00305  1.00376  1.00438  1.00497  1.00528  1.00586  1.00656  1.00732  1.00812  1.00853  1.00925  1.01015  1.01116  1.01228  1.01349  1.01475  1.01555  1.01624  1.01702  1.01587  1.01753  1.01686  1.01908
1.7  1  1  1  1  1  1  1  1  1  1  1  1  1  1  1  1  1  1  1  0.999999  0.999999  0.999998  0.999997  0.999995  0.999992  0.999988  0.999983  0.999975  0.999963  0.999948  0.999927  0.9999  0.999863  0.999815  0.999753  0.999673  0.999571  0.999442  0.999282  0.999083  0.998839  0.998547  0.998198  0.997785  0.997301  0.996735  0.996079  0.995324  0.994476  0.993541  0.992505  0.991355  0.990108  0.988894  0.988042  0.98736  0.986422  0.985392  0.984327  0.983249  0.982505  0.981566  0.980607  0.979707  0.978906  0.978235  0.977754  0.977895  0.978421  0.979251  0.980402  0.981539  0.982554  0.984111
1.8  1  1  1  1  1  1  1  1  1  1  1  1  1  1  1  1  1  1  1  1  1  1  1  1  1  1  1  1  1  0.999999  0.999999  1  1  1  1  1  1.00001  1.00001  1.00001  1.00002  1.00003  1.00003  1.00004  1.00005  1.00006  1.00006  1.00006  1.00006  1.00005  1.00001  0.999935  0.999817  0.999657  0.999447  0.998852  0.99824  0.99763  0.996998  0.996388  0.995981  0.995678  0.995471  0.995277  0.995103  0.994972  0.9949  0.994902  0.994999  0.995283  0.995751  0.996385  0.997182  0.998208  0.999164
1.9  1  1  1  1  1  1  1  1  1  1  1  1  1  1  1  1  1  1  1  1  1  1  1  1  1  1  1  1  1  1.00001  1.00001  1.00001  1.00002  1.00003  1.00004  1.00006  1.00008  1.00011  1.00015  1.0002  1.00026  1.00034  1.00045  1.00058  1.00073  1.00093  1.00117  1.00146  1.0018  1.00222  1.00271  1.00329  1.00397  1.00475  1.00564  1.00662  1.00769  1.00887  1.01013  1.01128  1.01213  1.013  1.01398  1.01504  1.01618  1.01735  1.01855  1.01974  1.02084  1.02183  1.02272  1.02349  1.02427  1.02516
2  1  1  1  1  1  1  1  1  1  1  1  1  1  1  1  1  1  1  1  1  1  1  1  1  1  1  1  1  1  1  1  1  1  1  1  1  1  1  0.999999  0.999999  0.999998  0.999996  0.999995  0.999993  0.999991  0.999988  0.999986  0.999984  0.999983  0.999983  0.999987  0.999996  1.00001  1.00004  1.00009  1.00017  1.00028  1.00044  1.00065  1.0009  1.00149  1.00209  1.00271  1.00335  1.00394  1.00435  1.00469  1.00502  1.00532  1.00559  1.0058  1.00595  1.00604  1.00607
2.1  1  1  1  1  1  1  1  1  1  1  1  1  1  1  1  1  1  1  1  1  1  1  1  1  1  1  1  1  1  0.999999  0.999999  0.999998  0.999997  0.999996  0.999994  0.999991  0.999987  0.999982  0.999975  0.999965  0.999952  0.999934  0.999911  0.999881  0.999843  0.999794  0.999731  0.999652  0.999553  0.999429  0.999276  0.999088  0.998858  0.998578  0.99824  0.997835  0.997353  0.996785  0.996119  0.995347  0.994468  0.993491  0.992408  0.991211  0.989965  0.988792  0.987893  0.986904  0.985837  0.984715  0.983552  0.982366  0.981192  0.980013
2.2  1  1  1  1  1  1  1  1  1  1  1  1  1  1  1  1  1  1  1  1  1  1  1  1  1  1  1  1  1  1  1  1  1  1  1  1  1  1  1  1  1  1  1  1  1  1  1  1  1.00001  1.00001  1.00001  1.00001  1.00001  1.00001  1.00001  1.00001  1.00001  0.999993  0.999971  0.999937  0.999887  0.999801  0.999677  0.999509  0.999296  0.999037  0.998464  0.997875  0.997264  0.996628  0.996018  0.995591  0.995253  0.994936
2.3  1  1  1  1  1  1  1  1  1  1  1  1  1  1  1  1  1  1  1  1  1  1  1  1  1  1  1  1  1  1  1  1  1  1  1  1  1  1  1  1.00001  1.00001  1.00001  1.00002  1.00002  1.00003  1.00004  1.00005  1.00007  1.00009  1.00012  1.00016  1.00021  1.00027  1.00035  1.00045  1.00058  1.00073  1.00092  1.00115  1.00143  1.00177  1.00219  1.00267  1.00325  1.00393  1.0047  1.00559  1.00657  1.00766  1.00886  1.01014  1.01134  1.01228  1.01329
2.4  1  1  1  1  1  1  1  1  1  1  1  1  1  1  1  1  1  1  1  1  1  1  1  1  1  1  1  1  1  1  1  1  1  1  1  1  1  1  1  1  1  1  1  1  1  1  1  1  0.999999  0.999999  0.999999  0.999998  0.999998  0.999997  0.999996  0.999996  0.999995  0.999995  0.999996  0.999998  1  1.00001  1.00002  1.00005  1.00008  1.00013  1.00019  1.0003  1.00044  1.00062  1.00085  1.00113  1.0017  1.00229
2.5  1  1  1  1  1  1  1  1  1  1  1  1  1  1  1  1  1  1  1  1  1  1  1  1  1  1  1  1  1  1  1  1  1  1  1  1  1  1  1  0.999999  0.999999  0.999998  0.999998  0.999997  0.999995  0.999994  0.999991  0.999988  0.999983  0.999977  0.999969  0.999958  0.999944  0.999926  0.999902  0.999871  0.999832  0.999783  0.99972  0.99964  0.999541  0.999416  0.999262  0.999073  0.998842  0.998562  0.998224  0.99782  0.997339  0.996774  0.996111  0.995343  0.994466  0.99349
2.6  1  1  1  1  1  1  1  1  1  1  1  1  1  1  1  1  1  1  1  1  1  1  1  1  1  1  1  1  1  1  1  1  1  1  1  1  1  1  1  1  1  1  1  1  1  1  1  1  1  1  1  1  1  1  1  1  1  1  1  1  1  1  1  1  1  0.999996  0.999989  0.999978  0.999962  0.999937  0.999901  0.99985  0.999782  0.999677
2.7  1  1  1  1  1  1  1  1  1  1  1  1  1  1  1  1  1  1  1  1  1  1  1  1  1  1  1  1  1  1  1  1  1  1  1  1  1  1  1  1  1  1  1  1  1  1  1  1  1  1  1.00001  1.00001  1.00001  1.00001  1.00002  1.00003  1.00003  1.00004  1.00006  1.00008  1.0001  1.00013  1.00017  1.00023  1.00029  1.00037  1.00047  1.00059  1.00075  1.00094  1.00117  1.00145  1.00179  1.00219
2.8  1  1  1  1  1  1  1  1  1  1  1  1  1  1  1  1  1  1  1  1  1  1  1  1  1  1  1  1  1  1  1  1  1  1  1  1  1  1  1  1  1  1  1  1  1  1  1  1  1  1  1  1  1  1  1  1  1  1  1  1  0.999999  0.999999  0.999999  0.999999  0.999999  0.999999  0.999999  1  1  1  1.00001  1.00001  1.00002  1.00004
2.9  1  1  1  1  1  1  1  1  1  1  1  1  1  1  1  1  1  1  1  1  1  1  1  1  1  1  1  1  1  1  1  1  1  1  1  1  1  1  1  1  1  1  1  1  1  1  1  1  1  0.999999  0.999999  0.999999  0.999998  0.999998  0.999997  0.999996  0.999994  0.999992  0.999989  0.999985  0.99998  0.999973  0.999964  0.999952  0.999937  0.999918  0.999893  0.999861  0.99982  0.999769  0.999705  0.999624  0.999524  0.9994
3  1  1  1  1  1  1  1  1  1  1  1  1  1  1  1  1  1  1  1  1  1  1  1  1  1  1  1  1  1  1  1  1  1  1  1  1  1  1  1  1  1  1  1  1  1  1  1  1  1  1  1  1  1  1  1  1  1  1  1  1  1  1  1  1  1  1  1  1  1  1  1  1  0.999999  0.999998
3.1  1  1  1  1  1  1  1  1  1  1  1  1  1  1  1  1  1  1  1  1  1  1  1  1  1  1  1  1  1  1  1  1  1  1  1  1  1  1  1  1  1  1  1  1  1  1  1  1  1  1  1  1  1  1  1  1  1  1  1  1  1  1  1.00001  1.00001  1.00001  1.00002  1.00002  1.00003  1.00004  1.00005  1.00007  1.00009  1.00011  1.00014
3.2  1  1  1  1  1  1  1  1  1  1  1  1  1  1  1  1  1  1  1  1  1  1  1  1  1  1  1  1  1  1  1  1  1  1  1  1  1  1  1  1  1  1  1  1  1  1  1  1  1  1  1  1  1  1  1  1  1  1  1  1  1  1  1  1  1  1  1  1  1  1  1  1  1  1
3.3  1  1  1  1  1  1  1  1  1  1  1  1  1  1  1  1  1  1  1  1  1  1  1  1  1  1  1  1  1  1  1  1  1  1  1  1  1  1  1  1  1  1  1  1  1  1  1  1  1  1  1  1  1  1  1  1  1  1  1  1  0.999999  0.999999  0.999999  0.999998  0.999998  0.999997  0.999996  0.999995  0.999993  0.99999  0.999987  0.999982  0.999977  0.999969
3.4  1  1  1  1  1  1  1  1  1  1  1  1  1  1  1  1  1  1  1  1  1  1  1  1  1  1  1  1  1  1  1  1  1  1  1  1  1  1  1  1  1  1  1  1  1  1  1  1  1  1  1  1  1  1  1  1  1  1  1  1  1  1  1  1  1  1  1  1  1  1  1  1  1  1
3.5  1  1  1  1  1  1  1  1  1  1  1  1  1  1  1  1  1  1  1  1  1  1  1  1  1  1  1  1  1  1  1  1  1  1  1  1  1  1  1  1  1  1  1  1  1  1  1  1  1  1  1  1  1  1  1  1  1  1  1  1  1  1  1  1  1  1  1  1  1  1  1  1  1  1.00001
3.6  1  1  1  1  1  1  1  1  1  1  1  1  1  1  1  1  1  1  1  1  1  1  1  1  1  1  1  1  1  1  1  1  1  1  1  1  1  1  1  1  1  1  1  1  1  1  1  1  1  1  1  1  1  1  1  1  1  1  1  1  1  1  1  1  1  1  1  1  1  1  1  1  1  1
3.7  1  1  1  1  1  1  1  1  1  1  1  1  1  1  1  1  1  1  1  1  1  1  1  1  1  1  1  1  1  1  1  1  1  1  1  1  1  1  1  1  1  1  1  1  1  1  1  1  1  1  1  1  1  1  1  1  1  1  1  1  1  1  1  1  1  1  1  1  1  1  1  0.999999  0.999999  0.999999
3.8  1  1  1  1  1  1  1  1  1  1  1  1  1  1  1  1  1  1  1  1  1  1  1  1  1  1  1  1  1  1  1  1  1  1  1  1  1  1  1  1  1  1  1  1  1  1  1  1  1  1  1  1  1  1  1  1  1  1  1  1  1  1  1  1  1  1  1  1  1  1  1  1  1  1
3.9  1  1  1  1  1  1  1  1  1  1  1  1  1  1  1  1  1  1  1  1  1  1  1  1  1  1  1  1  1  1  1  1  1  1  1  1  1  1  1  1  1  1  1  1  1  1  1  1  1  1  1  1  1  1  1  1  1  1  1  1  1  1  1  1  1  1  1  1  1  1  1  1  1  1
4  1  1  1  1  1  1  1  1  1  1  1  1  1  1  1  1  1  1  1  1  1  1  1  1  1  1  1  1  1  1  1  1  1  1  1  1  1  1  1  1  1  1  1  1  1  1  1  1  1  1  1  1  1  1  1  1  1  1  1  1  1  1  1  1  1  1  1  1  1  1  1  1  1  1
4.1  1  1  1  1  1  1  1  1  1  1  1  1  1  1  1  1  1  1  1  1  1  1  1  1  1  1  1  1  1  1  1  1  1  1  1  1  1  1  1  1  1  1  1  1  1  1  1  1  1  1  1  1  1  1  1  1  1  1  1  1  1  1  1  1  1  1  1  1  1  1  1  1  1  1
4.2  1  1  1  1  1  1  1  1  1  1  1  1  1  1  1  1  1  1  1  1  1  1  1  1  1  1  1  1  1  1  1  1  1  1  1  1  1  1  1  1  1  1  1  1  1  1  1  1  1  1  1  1  1  1  1  1  1  1  1  1  1  1  1  1  1  1  1  1  1  1  1  1  1  1
4.3  1  1  1  1  1  1  1  1  1  1  1  1  1  1  1  1  1  1  1  1  1  1  1  1  1  1  1  1  1  1  1  1  1  1  1  1  1  1  1  1  1  1  1  1  1  1  1  1  1  1  1  1  1  1  1  1  1  1  1  1  1  1  1  1  1  1  1  1  1  1  1  1  1  1
4.4  1  1  1  1  1  1  1  1  1  1  1  1  1  1  1  1  1  1  1  1  1  1  1  1  1  1  1  1  1  1  1  1  1  1  1  1  1  1  1  1  1  1  1  1  1  1  1  1  1  1  1  1  1  1  1  1  1  1  1  1  1  1  1  1  1  1  1  1  1  1  1  1  1  1
4.5  1  1  1  1  1  1  1  1  1  1  1  1  1  1  1  1  1  1  1  1  1  1  1  1  1  1  1  1  1  1  1  1  1  1  1  1  1  1  1  1  1  1  1  1  1  1  1  1  1  1  1  1  1  1  1  1  1  1  1  1  1  1  1  1  1  1  1  1  1  1  1  1  1  1
4.6  1  1  1  1  1  1  1  1  1  1  1  1  1  1  1  1  1  1  1  1  1  1  1  1  1  1  1  1  1  1  1  1  1  1  1  1  1  1  1  1  1  1  1  1  1  1  1  1  1  1  1  1  1  1  1  1  1  1  1  1  1  1  1  1  1  1  1  1  1  1  1  1  1  1
4.7  1  1  1  1  1  1  1  1  1  1  1  1  1  1  1  1  1  1  1  1  1  1  1  1  1  1  1  1  1  1  1  1  1  1  1  1  1  1  1  1  1  1  1  1  1  1  1  1  1  1  1  1  1  1  1  1  1  1  1  1  1  1  1  1  1  1  1  1  1  1  1  1  1  1
4.8  1  1  1  1  1  1  1  1  1  1  1  1  1  1  1  1  1  1  1  1  1  1  1  1  1  1  1  1  1  1  1  1  1  1  1  1  1  1  1  1  1  1  1  1  1  1  1  1  1  1  1  1  1  1  1  1  1  1  1  1  1  1  1  1  1  1  1  1  1  1  1  1  1  1
4.9  1  1  1  1  1  1  1  1  1  1  1  1  1  1  1  1  1  1  1  1  1  1  1  1  1  1  1  1  1  1  1  1  1  1  1  1  1  1  1  1  1  1  1  1  1  1  1  1  1  1  1  1  1  1  1  1  1  1  1  1  1  1  1  1  1  1  1  1  1  1  1  1  1  1
5  1  1  1  1  1  1  1  1  1  1  1  1  1  1  1  1  1  1  1  1  1  1  1  1  1  1  1  1  1  1  1  1  1  1  1  1  1  1  1  1  1  1  1  1  1  1  1  1  1  1  1  1  1  1  1  1  1  1  1  1  1  1  1  1  1  1  1  1  1  1  1  1  1  1
5.1  1  1  1  1  1  1  1  1  1  1  1  1  1  1  1  1  1  1  1  1  1  1  1  1  1  1  1  1  1  1  1  1  1  1  1  1  1  1  1  1  1  1  1  1  1  1  1  1  1  1  1  1  1  1  1  1  1  1  1  1  1  1  1  1  1  1  1  1  1  1  1  1  1  1
5.2  1  1  1  1  1  1  1  1  1  1  1  1  1  1  1  1  1  1  1  1  1  1  1  1  1  1  1  1  1  1  1  1  1  1  1  1  1  1  1  1  1  1  1  1  1  1  1  1  1  1  1  1  1  1  1  1  1  1  1  1  1  1  1  1  1  1  1  1  1  1  1  1  1  1
5.3  1  1  1  1  1  1  1  1  1  1  1  1  1  1  1  1  1  1  1  1  1  1  1  1  1  1  1  1  1  1  1  1  1  1  1  1  1  1  1  1  1  1  1  1  1  1  1  1  1  1  1  1  1  1  1  1  1  1  1  1  1  1  1  1  1  1  1  1  1  1  1  1  1  1
5.4  1  1  1  1  1  1  1  1  1  1  1  1  1  1  1  1  1  1  1  1  1  1  1  1  1  1  1  1  1  1  1  1  1  1  1  1  1  1  1  1  1  1  1  1  1  1  1  1  1  1  1  1  1  1  1  1  1  1  1  1  1  1  1  1  1  1  1  1  1  1  1  1  1  1
5.5  1  1  1  1  1  1  1  1  1  1  1  1  1  1  1  1  1  1  1  1  1  1  1  1  1  1  1  1  1  1  1  1  1  1  1  1  1  1  1  1  1  1  1  1  1  1  1  1  1  1  1  1  1  1  1  1  1  1  1  1  1  1  1  1  1  1  1  1  1  1  1  1  1  1
5.6  1  1  1  1  1  1  1  1  1  1  1  1  1  1  1  1  1  1  1  1  1  1  1  1  1  1  1  1  1  1  1  1  1  1  1  1  1  1  1  1  1  1  1  1  1  1  1  1  1  1  1  1  1  1  1  1  1  1  1  1  1  1  1  1  1  1  1  1  1  1  1  1  1  1
5.7  1  1  1  1  1  1  1  1  1  1  1  1  1  1  1  1  1  1  1  1  1  1  1  1  1  1  1  1  1  1  1  1  1  1  1  1  1  1  1  1  1  1  1  1  1  1  1  1  1  1  1  1  1  1  1  1  1  1  1  1  1  1  1  1  1  1  1  1  1  1  1  1  1  1
5.8  1  1  1  1  1  1  1  1  1  1  1  1  1  1  1  1  1  1  1  1  1  1  1  1  1  1  1  1  1  1  1  1  1  1  1  1  1  1  1  1  1  1  1  1  1  1  1  1  1  1  1  1  1  1  1  1  1  1  1  1  1  1  1  1  1  1  1  1  1  1  1  1  1  1
5.9  1  1  1  1  1  1  1  1  1  1  1  1  1  1  1  1  1  1  1  1  1  1  1  1  1  1  1  1  1  1  1  1  1  1  1  1  1  1  1  1  1  1  1  1  1  1  1  1  1  1  1  1  1  1  1  1  1  1  1  1  1  1  1  1  1  1  1  1  1  1  1  1  1  1
6  1  1  1  1  1  1  1  1  1  1  1  1  1  1  1  1  1  1  1  1  1  1  1  1  1  1  1  1  1  1  1  1  1  1  1  1  1  1  1  1  1  1  1  1  1  1  1  1  1  1  1  1  1  1  1  1  1  1  1  1  1  1  1  1  1  1  1  1  1  1  1  1  1  1
6.1  1  1  1  1  1  1  1  1  1  1  1  1  1  1  1  1  1  1  1  1  1  1  1  1  1  1  1  1  1  1  1  1  1  1  1  1  1  1  1  1  1  1  1  1  1  1  1  1  1  1  1  1  1  1  1  1  1  1  1  1  1  1  1  1  1  1  1  1  1  1  1  1  1  1
6.2  1  1  1  1  1  1  1  1  1  1  1  1  1  1  1  1  1  1  1  1  1  1  1  1  1  1  1  1  1  1  1  1  1  1  1  1  1  1  1  1  1  1  1  1  1  1  1  1  1  1  1  1  1  1  1  1  1  1  1  1  1  1  1  1  1  1  1  1  1  1  1  1  1  1
6.3  1  1  1  1  1  1  1  1  1  1  1  1  1  1  1  1  1  1  1  1  1  1  1  1  1  1  1  1  1  1  1  1  1  1  1  1  1  1  1  1  1  1  1  1  1  1  1  1  1  1  1  1  1  1  1  1  1  1  1  1  1  1  1  1  1  1  1  1  1  1  1  1  1  1
6.4  1  1  1  1  1  1  1  1  1  1  1  1  1  1  1  1  1  1  1  1  1  1  1  1  1  1  1  1  1  1  1  1  1  1  1  1  1  1  1  1  1  1  1  1  1  1  1  1  1  1  1  1  1  1  1  1  1  1  1  1  1  1  1  1  1  1  1  1  1  1  1  1  1  1
6.5  1  1  1  1  1  1  1  1  1  1  1  1  1  1  1  1  1  1  1  1  1  1  1  1  1  1  1  1  1  1  1  1  1  1  1  1  1  1  1  1  1  1  1  1  1  1  1  1  1  1  1  1  1  1  1  1  1  1  1  1  1  1  1  1  1  1  1  1  1  1  1  1  1  1
6.6  1  1  1  1  1  1  1  1  1  1  1  1  1  1  1  1  1  1  1  1  1  1  1  1  1  1  1  1  1  1  1  1  1  1  1  1  1  1  1  1  1  1  1  1  1  1  1  1  1  1  1  1  1  1  1  1  1  1  1  1  1  1  1  1  1  1  1  1  1  1  1  1  1  1
6.7  1  1  1  1  1  1  1  1  1  1  1  1  1  1  1  1  1  1  1  1  1  1  1  1  1  1  1  1  1  1  1  1  1  1  1  1  1  1  1  1  1  1  1  1  1  1  1  1  1  1  1  1  1  1  1  1  1  1  1  1  1  1  1  1  1  1  1  1  1  1  1  1  1  1
6.8  1  1  1  1  1  1  1  1  1  1  1  1  1  1  1  1  1  1  1  1  1  1  1  1  1  1  1  1  1  1  1  1  1  1  1  1  1  1  1  1  1  1  1  1  1  1  1  1  1  1  1  1  1  1  1  1  1  1  1  1  1  1  1  1  1  1  1  1  1  1  1  1  1  1
6.9  1  1  1  1  1  1  1  1  1  1  1  1  1  1  1  1  1  1  1  1  1  1  1  1  1  1  1  1  1  1  1  1  1  1  1  1  1  1  1  1  1  1  1  1  1  1  1  1  1  1  1  1  1  1  1  1  1  1  1  1  1  1  1  1  1  1  1  1  1  1  1  1  1  1
7  1  1  1  1  1  1  1  1  1  1  1  1  1  1  1  1  1  1  1  1  1  1  1  1  1  1  1  1  1  1  1  1  1  1  1  1  1  1  1  1  1  1  1  1  1  1  1  1  1  1  1  1  1  1  1  1  1  1  1  1  1  1  1  1  1  1  1  1  1  1  1  1  1  1
7.1  1  1  1  1  1  1  1  1  1  1  1  1  1  1  1  1  1  1  1  1  1  1  1  1  1  1  1  1  1  1  1  1  1  1  1  1  1  1  1  1  1  1  1  1  1  1  1  1  1  1  1  1  1  1  1  1  1  1  1  1  1  1  1  1  1  1  1  1  1  1  1  1  1  1
7.2  1  1  1  1  1  1  1  1  1  1  1  1  1  1  1  1  1  1  1  1  1  1  1  1  1  1  1  1  1  1  1  1  1  1  1  1  1  1  1  1  1  1  1  1  1  1  1  1  1  1  1  1  1  1  1  1  1  1  1  1  1  1  1  1  1  1  1  1  1  1  1  1  1  1
7.3  1  1  1  1  1  1  1  1  1  1  1  1  1  1  1  1  1  1  1  1  1  1  1  1  1  1  1  1  1  1  1  1  1  1  1  1  1  1  1  1  1  1  1  1  1  1  1  1  1  1  1  1  1  1  1  1  1  1  1  1  1  1  1  1  1  1  1  1  1  1  1  1  1  1
7.4  1  1  1  1  1  1  1  1  1  1  1  1  1  1  1  1  1  1  1  1  1  1  1  1  1  1  1  1  1  1  1  1  1  1  1  1  1  1  1  1  1  1  1  1  1  1  1  1  1  1  1  1  1  1  1  1  1  1  1  1  1  1  1  1  1  1  1  1  1  1  1  1  1  1
7.5  1  1  1  1  1  1  1  1  1  1  1  1  1  1  1  1  1  1  1  1  1  1  1  1  1  1  1  1  1  1  1  1  1  1  1  1  1  1  1  1  1  1  1  1  1  1  1  1  1  1  1  1  1  1  1  1  1  1  1  1  1  1  1  1  1  1  1  1  1  1  1  1  1  1
7.6  1  1  1  1  1  1  1  1  1  1  1  1  1  1  1  1  1  1  1  1  1  1  1  1  1  1  1  1  1  1  1  1  1  1  1  1  1  1  1  1  1  1  1  1  1  1  1  1  1  1  1  1  1  1  1  1  1  1  1  1  1  1  1  1  1  1  1  1  1  1  1  1  1  1
7.7  1  1  1  1  1  1  1  1  1  1  1  1  1  1  1  1  1  1  1  1  1  1  1  1  1  1  1  1  1  1  1  1  1  1  1  1  1  1  1  1  1  1  1  1  1  1  1  1  1  1  1  1  1  1  1  1  1  1  1  1  1  1  1  1  1  1  1  1  1  1  1  1  1  1
7.8  1  1  1  1  1  1  1  1  1  1  1  1  1  1  1  1  1  1  1  1  1  1  1  1  1  1  1  1  1  1  1  1  1  1  1  1  1  1  1  1  1  1  1  1  1  1  1  1  1  1  1  1  1  1  1  1  1  1  1  1  1  1  1  1  1  1  1  1  1  1  1  1  1  1
7.9  1  1  1  1  1  1  1  1  1  1  1  1  1  1  1  1  1  1  1  1  1  1  1  1  1  1  1  1  1  1  1  1  1  1  1  1  1  1  1  1  1  1  1  1  1  1  1  1  1  1  1  1  1  1  1  1  1  1  1  1  1  1  1  1  1  1  1  1  1  1  1  1  1  1
8  1  1  1  1  1  1  1  1  1  1  1  1  1  1  1  1  1  1  1  1  1  1  1  1  1  1  1  1  1  1  1  1  1  1  1  1  1  1  1  1  1  1  1  1  1  1  1  1  1  1  1  1  1  1  1  1  1  1  1  1  1  1  1  1  1  1  1  1  1  1  1  1  1  1
8.1  1  1  1  1  1  1  1  1  1  1  1  1  1  1  1  1  1  1  1  1  1  1  1  1  1  1  1  1  1  1  1  1  1  1  1  1  1  1  1  1  1  1  1  1  1  1  1  1  1  1  1  1  1  1  1  1  1  1  1  1  1  1  1  1  1  1  1  1  1  1  1  1  1  1
8.2  1  1  1  1  1  1  1  1  1  1  1  1  1  1  1  1  1  1  1  1  1  1  1  1  1  1  1  1  1  1  1  1  1  1  1  1  1  1  1  1  1  1  1  1  1  1  1  1  1  1  1  1  1  1  1  1  1  1  1  1  1  1  1  1  1  1  1  1  1  1  1  1  1  1
8.3  1  1  1  1  1  1  1  1  1  1  1  1  1  1  1  1  1  1  1  1  1  1  1  1  1  1  1  1  1  1  1  1  1  1  1  1  1  1  1  1  1  1  1  1  1  1  1  1  1  1  1  1  1  1  1  1  1  1  1  1  1  1  1  1  1  1  1  1  1  1  1  1  1  1
8.4  1  1  1  1  1  1  1  1  1  1  1  1  1  1  1  1  1  1  1  1  1  1  1  1  1  1  1  1  1  1  1  1  1  1  1  1  1  1  1  1  1  1  1  1  1  1  1  1  1  1  1  1  1  1  1  1  1  1  1  1  1  1  1  1  1  1  1  1  1  1  1  1  1  1
8.5  1  1  1  1  1  1  1  1  1  1  1  1  1  1  1  1  1  1  1  1  1  1  1  1  1  1  1  1  1  1  1  1  1  1  1  1  1  1  1  1  1  1  1  1  1  1  1  1  1  1  1  1  1  1  1  1  1  1  1  1  1  1  1  1  1  1  1  1  1  1  1  1  1  1
8.6  1  1  1  1  1  1  1  1  1  1  1  1  1  1  1  1  1  1  1  1  1  1  1  1  1  1  1  1  1  1  1  1  1  1  1  1  1  1  1  1  1  1  1  1  1  1  1  1  1  1  1  1  1  1  1  1  1  1  1  1  1  1  1  1  1  1  1  1  1  1  1  1  1  1
8.7  1  1  1  1  1  1  1  1  1  1  1  1  1  1  1  1  1  1  1  1  1  1  1  1  1  1  1  1  1  1  1  1  1  1  1  1  1  1  1  1  1  1  1  1  1  1  1  1  1  1  1  1  1  1  1  1  1  1  1  1  1  1  1  1  1  1  1  1  1  1  1  1  1  1
8.8  1  1  1  1  1  1  1  1  1  1  1  1  1  1  1  1  1  1  1  1  1  1  1  1  1  1  1  1  1  1  1  1  1  1  1  1  1  1  1  1  1  1  1  1  1  1  1  1  1  1  1  1  1  1  1  1  1  1  1  1  1  1  1  1  1  1  1  1  1  1  1  1  1  1
8.9  1  1  1  1  1  1  1  1  1  1  1  1  1  1  1  1  1  1  1  1  1  1  1  1  1  1  1  1  1  1  1  1  1  1  1  1  1  1  1  1  1  1  1  1  1  1  1  1  1  1  1  1  1  1  1  1  1  1  1  1  1  1  1  1  1  1  1  1  1  1  1  1  1  1
9  1  1  1  1  1  1  1  1  1  1  1  1  1  1  1  1  1  1  1  1  1  1  1  1  1  1  1  1  1  1  1  1  1  1  1  1  1  1  1  1  1  1  1  1  1  1  1  1  1  1  1  1  1  1  1  1  1  1  1  1  1  1  1  1  1  1  1  1  1  1  1  1  1  1
9.1  1  1  1  1  1  1  1  1  1  1  1  1  1  1  1  1  1  1  1  1  1  1  1  1  1  1  1  1  1  1  1  1  1  1  1  1  1  1  1  1  1  1  1  1  1  1  1  1  1  1  1  1  1  1  1  1  1  1  1  1  1  1  1  1  1  1  1  1  1  1  1  1  1  1
9.2  1  1  1  1  1  1  1  1  1  1  1  1  1  1  1  1  1  1  1  1  1  1  1  1  1  1  1  1  1  1  1  1  1  1  1  1  1  1  1  1  1  1  1  1  1  1  1  1  1  1  1  1  1  1  1  1  1  1  1  1  1  1  1  1  1  1  1  1  1  1  1  1  1  1
9.3  1  1  1  1  1  1  1  1  1  1  1  1  1  1  1  1  1  1  1  1  1  1  1  1  1  1  1  1  1  1  1  1  1  1  1  1  1  1  1  1  1  1  1  1  1  1  1  1  1  1  1  1  1  1  1  1  1  1  1  1  1  1  1  1  1  1  1  1  1  1  1  1  1  1
9.4  1  1  1  1  1  1  1  1  1  1  1  1  1  1  1  1  1  1  1  1  1  1  1  1  1  1  1  1  1  1  1  1  1  1  1  1  1  1  1  1  1  1  1  1  1  1  1  1  1  1  1  1  1  1  1  1  1  1  1  1  1  1  1  1  1  1  1  1  1  1  1  1  1  1
9.5  1  1  1  1  1  1  1  1  1  1  1  1  1  1  1  1  1  1  1  1  1  1  1  1  1  1  1  1  1  1  1  1  1  1  1  1  1  1  1  1  1  1  1  1  1  1  1  1  1  1  1  1  1  1  1  1  1  1  1  1  1  1  1  1  1  1  1  1  1  1  1  1  1  1
9.6  1  1  1  1  1  1  1  1  1  1  1  1  1  1  1  1  1  1  1  1  1  1  1  1  1  1  1  1  1  1  1  1  1  1  1  1  1  1  1  1  1  1  1  1  1  1  1  1  1  1  1  1  1  1  1  1  1  1  1  1  1  1  1  1  1  1  1  1  1  1  1  1  1  1
9.7  1  1  1  1  1  1  1  1  1  1  1  1  1  1  1  1  1  1  1  1  1  1  1  1  1  1  1  1  1  1  1  1  1  1  1  1  1  1  1  1  1  1  1  1  1  1  1  1  1  1  1  1  1  1  1  1  1  1  1  1  1  1  1  1  1  1  1  1  1  1  1  1  1  1
9.8  1  1  1  1  1  1  1  1  1  1  1  1  1  1  1  1  1  1  1  1  1  1  1  1  1  1  1  1  1  1  1  1  1  1  1  1  1  1  1  1  1  1  1  1  1  1  1  1  1  1  1  1  1  1  1  1  1  1  1  1  1  1  1  1  1  1  1  1  1  1  1  1  1  1
9.9  1  1  1  1  1  1  1  1  1  1  1  1  1  1  1  1  1  1  1  1  1  1  1  1  1  1  1  1  1  1  1  1  1  1  1  1  1  1  1  1  1  1  1  1  1  1  1  1  1  1  1  1  1  1  1  1  1  1  1  1  1  1  1  1  1  1  1  1  1  1  1  1  1  1
10  1  1  1  1  1  1  1  1  1  1  1  1  1  1  1  1  1  1  1  1  1  1  1  1  1  1  1  1  1  1  1  1  1  1  1  1  1  1  1  1  1  1  1  1  1  1  1  1  1  1  1  1  1  1  1  1  1  1  1  1  1  1  1  1  1  1  1  1  1  1  1  1  1  1
