-10  0  0  0  0  0  0  0  0  0  0  0  0  0  0  0  0  0  0  0  0  0  0  0  0  0  0  0  0  0  0  0  0  0  0  0  0  0  0  0  0  0  0  0  0  0  0  0  0  0  0  0  0  0  0  0  0  0  0  0  0  0  0  0  0  0  0  0  0  0  0  0  0  0  0
-9.9  0  0  0  0  0  0  0  0  0  0  0  0  0  0  0  0  0  0  0  0  0  0  0  0  0  0  0  0  0  0  0  0  0  0  0  0  0  0  0  0  0  0  0  0  0  0  0  0  0  0  0  0  0  0  0  0  0  0  0  0  0  0  0  0  0  0  0  0  0  0  0  0  0  0
-9.8  0  0  0  0  0  0  0  0  0  0  0  0  0  0  0  0  0  0  0  0  0  0  0  0  0  0  0  0  0  0  0  0  0  0  0  0  0  0  0  0  0  0  0  0  0  0  0  0  0  0  0  0  0  0  0  0  0  0  0  0  0  0  0  0  0  0  0  0  0  0  0  0  0  0
-9.7  0  0  0  0  0  0  0  0  0  0  0  0  0  0  0  0  0  0  0  0  0  0  0  0  0  0  0  0  0  0  0  0  0  0  0  0  0  0  0  0  0  0  0  0  0  0  0  0  0  0  0  0  0  0  0  0  0  0  0  0  0  0  0  0  0  0  0  0  0  0  0  0  0  0
-9.6  0  0  0  0  0  0  0  0  0  0  0  0  0  0  0  0  0  0  0  0  0  0  0  0  0  0  0  0  0  0  0  0  0  0  0  0  0  0  0  0  0  0  0  0  0  0  0  0  0  0  0  0  0  0  0  0  0  0  0  0  0  0  0  0  0  0  0  0  0  0  0  0  0  0
-9.5  0  0  0  0  0  0  0  0  0  0  0  0  0  0  0  0  0  0  0  0  0  0  0  0  0  0  0  0  0  0  0  0  0  0  0  0  0  0  0  0  0  0  0  0  0  0  0  0  0  0  0  0  0  0  0  0  0  0  0  0  0  0  0  0  0  0  0  0  0  0  0  0  0  0
-9.4  0  0  0  0  0  0  0  0  0  0  0  0  0  0  0  0  0  0  0  0  0  0  0  0  0  0  0  0  0  0  0  0  0  0  0  0  0  0  0  0  0  0  0  0  0  0  0  0  0  0  0  0  0  0  0  0  0  0  0  0  0  0  0  0  0  0  0  0  0  0  0  0  0  0
-9.3  0  0  0  0  0  0  0  0  0  0  0  0  0  0  0  0  0  0  0  0  0  0  0  0  0  0  0  0  0  0  0  0  0  0  0  0  0  0  0  0  0  0  0  0  0  0  0  0  0  0  0  0  0  0  0  0  0  0  0  0  0  0  0  0  0  0  0  0  0  0  0  0  0  0
-9.2  0  0  0  0  0  0  0  0  0  0  0  0  0  0  0  0  0  0  0  0  0  0  0  0  0  0  0  0  0  0  0  0  0  0  0  0  0  0  0  0  0  0  0  0  0  0  0  0  0  0  0  0  0  0  0  0  0  0  0  0  0  0  0  0  0  0  0  0  0  0  0  0  0  0
-9.1  0  0  0  0  0  0  0  0  0  0  0  0  0  0  0  0  0  0  0  0  0  0  0  0  0  0  0  0  0  0  0  0  0  0  0  0  0  0  0  0  0  0  0  0  0  0  0  0  0  0  0  0  0  0  0  0  0  0  0  0  0  0  0  0  0  0  0  0  0  0  0  0  0  0
-9  0  0  0  0  0  0  0  0  0  0  0  0  0  0  0  0  0  0  0  0  0  0  0  0  0  0  0  0  0  0  0  0  0  0  0  0  0  0  0  0  0  0  0  0  0  0  0  0  0  0  0  0  0  0  0  0  0  0  0  0  0  0  0  0  0  0  0  0  0  0  0  0  0  0
-8.9  0  0  0  0  0  0  0  0  0  0  0  0  0  0  0  0  0  0  0  0  0  0  0  0  0  0  0  0  0  0  0  0  0  0  0  0  0  0  0  0  0  0  0  0  0  0  0  0  0  0  0  0  0  0  0  0  0  0  0  0  0  0  0  0  0  0  0  0  0  0  0  0  0  0
-8.8  0  0  0  0  0  0  0  0  0  0  0  0  0  0  0  0  0  0  0  0  0  0  0  0  0  0  0  0  0  0  0  0  0  0  0  0  0  0  0  0  0  0  0  0  0  0  0  0  0  0  0  0  0  0  0  0  0  0  0  0  0  0  0  0  0  0  0  0  0  0  0  0  0  0
-8.7  0  0  0  0  0  0  0  0  0  0  0  0  0  0  0  0  0  0  0  0  0  0  0  0  0  0  0  0  0  0  0  0  0  0  0  0  0  0  0  0  0  0  0  0  0  0  0  0  0  0  0  0  0  0  0  0  0  0  0  0  0  0  0  0  0  0  0  0  0  0  0  0  0  0
-8.6  0  0  0  0  0  0  0  0  0  0  0  0  0  0  0  0  0  0  0  0  0  0  0  0  0  0  0  0  0  0  0  0  0  0  0  0  0  0  0  0  0  0  0  0  0  0  0  0  0  0  0  0  0  0  0  0  0  0  0  0  0  0  0  0  0  0  0  0  0  0  0  0  0  0
-8.5  0  0  0  0  0  0  0  0  0  0  0  0  0  0  0  0  0  0  0  0  0  0  0  0  0  0  0  0  0  0  0  0  0  0  0  0  0  0  0  0  0  0  0  0  0  0  0  0  0  0  0  0  0  0  0  0  0  0  0  0  0  0  0  0  0  0  0  0  0  0  0  0  0  0
-8.4  0  0  0  0  0  0  0  0  0  0  0  0  0  0  0  0  0  0  0  0  0  0  0  0  0  0  0  0  0  0  0  0  0  0  0  0  0  0  0  0  0  0  0  0  0  0  0  0  0  0  0  0  0  0  0  0  0  0  0  0  0  0  0  0  0  0  0  0  0  0  0  0  0  0
-8.3  0  0  0  0  0  0  0  0  0  0  0  0  0  0  0  0  0  0  0  0  0  0  0  0  0  0  0  0  0  0  0  0  0  0  0  0  0  0  0  0  0  0  0  0  0  0  0  0  0  0  0  0  0  0  0  0  0  0  0  0  0  0  0  0  0  0  0  0  0  0  0  0  0  0
-8.2  0  0  0  0  0  0  0  0  0  0  0  0  0  0  0  0  0  0  0  0  0  0  0  0  0  0  0  0  0  0  0  0  0  0  0  0  0  0  0  0  0  0  0  0  0  0  0  0  0  0  0  0  0  0  0  0  0  0  0  0  0  0  0  0  0  0  0  0  0  0  0  0  0  0
-8.1  0  0  0  0  0  0  0  0  0  0  0  0  0  0  0  0  0  0  0  0  0  0  0  0  0  0  0  0  0  0  0  0  0  0  0  0  0  0  0  0  0  0  0  0  0  0  0  0  0  0  0  0  0  0  0  0  0  0  0  0  0  0  0  0  0  0  0  0  0  0  0  0  0  0
-8  0  0  0  0  0  0  0  0  0  0  0  0  0  0  0  0  0  0  0  0  0  0  0  0  0  0  0  0  0  0  0  0  0  0  0  0  0  0  0  0  0  0  0  0  0  0  0  0  0  0  0  0  0  0  0  0  0  0  0  0  0  0  0  0  0  0  0  0  0  0  0  0  0  0
-7.9  0  0  0  0  0  0  0  0  0  0  0  0  0  0  0  0  0  0  0  0  0  0  0  0  0  0  0  0  0  0  0  0  0  0  0  0  0  0  0  0  0  0  0  0  0  0  0  0  0  0  0  0  0  0  0  0  0  0  0  0  0  0  0  0  0  0  0  0  0  0  0  0  0  0
-7.8  0  0  0  0  0  0  0  0  0  0  0  0  0  0  0  0  0  0  0  0  0  0  0  0  0  0  0  0  0  0  0  0  0  0  0  0  0  0  0  0  0  0  0  0  0  0  0  0  0  0  0  0  0  0  0  0  0  0  0  0  0  0  0  0  0  0  0  0  0  0  0  0  0  0
-7.7  0  0  0  0  0  0  0  0  0  0  0  0  0  0  0  0  0  0  0  0  0  0  0  0  0  0  0  0  0  0  0  0  0  0  0  0  0  0  0  0  0  0  0  0  0  0  0  0  0  0  0  0  0  0  0  0  0  0  0  0  0  0  0  0  0  0  0  0  0  0  0  0  0  0
-7.6  0  0  0  0  0  0  0  0  0  0  0  0  0  0  0  0  0  0  0  0  0  0  0  0  0  0  0  0  0  0  0  0  0  0  0  0  0  0  0  0  0  0  0  0  0  0  0  0  0  0  0  0  0  0  0  0  0  0  0  0  0  0  0  0  0  0  0  0  0  0  0  0  0  0
-7.5  0  0  0  0  0  0  0  0  0  0  0  0  0  0  0  0  0  0  0  0  0  0  0  0  0  0  0  0  0  0  0  0  0  0  0  0  0  0  0  0  0  0  0  0  0  0  0  0  0  0  0  0  0  0  0  0  0  0  0  0  0  0  0  0  0  0  0  0  0  0  0  0  0  0
-7.4  0  0  0  0  0  0  0  0  0  0  0  0  0  0  0  0  0  0  0  0  0  0  0  0  0  0  0  0  0  0  0  0  0  0  0  0  0  0  0  0  0  0  0  0  0  0  0  0  0  0  0  0  0  0  0  0  0  0  0  0  0  0  0  0  0  0  0  0  0  0  0  0  0  0
-7.3  0  0  0  0  0  0  0  0  0  0  0  0  0  0  0  0  0  0  0  0  0  0  0  0  0  0  0  0  0  0  0  0  0  0  0  0  0  0  0  0  0  0  0  0  0  0  0  0  0  0  0  0  0  0  0  0  0  0  0  0  0  0  0  0  0  0  0  0  0  0  0  0  0  0
-7.2  0  0  0  0  0  0  0  0  0  0  0  0  0  0  0  0  0  0  0  0  0  0  0  0  0  0  0  0  0  0  0  0  0  0  0  0  0  0  0  0  0  0  0  0  0  0  0  0  0  0  0  0  0  0  0  0  0  0  0  0  0  0  0  0  0  0  0  0  0  0  0  0  0  0
-7.1  0  0  0  0  0  0  0  0  0  0  0  0  0  0  0  0  0  0  0  0  0  0  0  0  0  0  0  0  0  0  0  0  0  0  0  0  0  0  0  0  0  0  0  0  0  0  0  0  0  0  0  0  0  0  0  0  0  0  0  0  0  0  0  0  0  0  0  0  0  0  0  0  0  0
-7  0  0  0  0  0  0  0  0  0  0  0  0  0  0  0  0  0  0  0  0  0  0  0  0  0  0  0  0  0  0  0  0  0  0  0  0  0  0  0  0  0  0  0  0  0  0  0  0  0  0  0  0  0  0  0  0  0  0  0  0  0  0  0  0  0  0  0  0  0  0  0  0  0  0
-6.9  0  0  0  0  0  0  0  0  0  0  0  0  0  0  0  0  0  0  0  0  0  0  0  0  0  0  0  0  0  0  0  0  0  0  0  0  0  0  0  0  0  0  0  0  0  0  0  0  0  0  0  0  0  0  0  0  0  0  0  0  0  0  0  0  0  0  0  0  0  0  0  0  0  0
-6.8  0  0  0  0  0  0  0  0  0  0  0  0  0  0  0  0  0  0  0  0  0  0  0  0  0  0  0  0  0  0  0  0  0  0  0  0  0  0  0  0  0  0  0  0  0  0  0  0  0  0  0  0  0  0  0  0  0  0  0  0  0  0  0  0  0  0  0  0  0  0  0  0  0  0
-6.7  0  0  0  0  0  0  0  0  0  0  0  0  0  0  0  0  0  0  0  0  0  0  0  0  0  0  0  0  0  0  0  0  0  0  0  0  0  0  0  0  0  0  0  0  0  0  0  0  0  0  0  0  0  0  0  0  0  0  0  0  0  0  0  0  0  0  0  0  0  0  0  0  0  0
-6.6  0  0  0  0  0  0  0  0  0  0  0  0  0  0  0  0  0  0  0  0  0  0  0  0  0  0  0  0  0  0  0  0  0  0  0  0  0  0  0  0  0  0  0  0  0  0  0  0  0  0  0  0  0  0  0  0  0  0  0  0  0  0  0  0  0  0  0  0  0  0  0  0  0  0
-6.5  0  0  0  0  0  0  0  0  0  0  0  0  0  0  0  0  0  0  0  0  0  0  0  0  0  0  0  0  0  0  0  0  0  0  0  0  0  0  0  0  0  0  0  0  0  0  0  0  0  0  0  0  0  0  0  0  0  0  0  0  0  0  0  0  0  0  0  0  0  0  0  0  0  0
-6.4  0  0  0  0  0  0  0  0  0  0  0  0  0  0  0  0  0  0  0  0  0  0  0  0  0  0  0  0  0  0  0  0  0  0  0  0  0  0  0  0  0  0  0  0  0  0  0  0  0  0  0  0  0  0  0  0  0  0  0  0  0  0  0  0  0  0  0  0  0  0  0  0  0  0
-6.3  0  0  0  0  0  0  0  0  0  0  0  0  0  0  0  0  0  0  0  0  0  0  0  0  0  0  0  0  0  0  0  0  0  0  0  0  0  0  0  0  0  0  0  0  0  0  0  0  0  0  0  0  0  0  0  0  0  0  0  0  0  0  0  0  0  0  0  0  0  0  0  0  0  0
-6.2  0  0  0  0  0  0  0  0  0  0  0  0  0  0  0  0  0  0  0  0  0  0  0  0  0  0  0  0  0  0  0  0  0  0  0  0  0  0  0  0  0  0  0  0  0  0  0  0  0  0  0  0  0  0  0  0  0  0  0  0  0  0  0  0  0  0  0  0  0  0  0  0  0  0
-6.1  0  0  0  0  0  0  0  0  0  0  0  0  0  0  0  0  0  0  0  0  0  0  0  0  0  0  0  0  0  0  0  0  0  0  0  0  0  0  0  0  0  0  0  0  0  0  0  0  0  0  0  0  0  0  0  0  0  0  0  0  0  0  0  0  0  0  0  0  0  0  0  0  0  0
-6  0  0  0  0  0  0  0  0  0  0  0  0  0  0  0  0  0  0  0  0  0  0  0  0  0  0  0  0  0  0  0  0  0  0  0  0  0  0  0  0  0  0  0  0  0  0  0  0  0  0  0  0  0  0  0  0  0  0  0  0  0  0  0  0  0  0  0  0  0  0  0  0  0  0
-5.9  0  0  0  0  0  0  0  0  0  0  0  0  0  0  0  0  0  0  0  0  0  0  0  0  0  0  0  0  0  0  0  0  0  0  0  0  0  0  0  0  0  0  0  0  0  0  0  0  0  0  0  0  0  0  0  0  0  0  0  0  0  0  0  0  0  0  0  0  0  0  0  0  0  0
-5.8  0  0  0  0  0  0  0  0  0  0  0  0  0  0  0  0  0  0  0  0  0  0  0  0  0  0  0  0  0  0  0  0  0  0  0  0  0  0  0  0  0  0  0  0  0  0  0  0  0  0  0  0  0  0  0  0  0  0  0  0  0  0  0  0  0  0  0  0  0  0  0  0  0  0
-5.7  0  0  0  0  0  0  0  0  0  0  0  0  0  0  0  0  0  0  0  0  0  0  0  0  0  0  0  0  0  0  0  0  0  0  0  0  0  0  0  0  0  0  0  0  0  0  0  0  0  0  0  0  0  0  0  0  0  0  0  0  0  0  0  0  0  0  0  0  0  0  0  0  0  0
-5.6  0  0  0  0  0  0  0  0  0  0  0  0  0  0  0  0  0  0  0  0  0  0  0  0  0  0  0  0  0  0  0  0  0  0  0  0  0  0  0  0  0  0  0  0  0  0  0  0  0  0  0  0  0  0  0  0  0  0  0  0  0  0  0  0  0  0  0  0  0  0  0  0  0  0
-5.5  0  0  0  0  0  0  0  0  0  0  0  0  0  0  0  0  0  0  0  0  0  0  0  0  0  0  0  0  0  0  0  0  0  0  0  0  0  0  0  0  0  0  0  0  0  0  0  0  0  0  0  0  0  0  0  0  0  0  0  0  0  0  0  0  0  0  0  0  0  0  0  0  0  0
-5.4  0  0  0  0  0  0  0  0  0  0  0  0  0  0  0  0  0  0  0  0  0  0  0  0  0  0  0  0  0  0  0  0  0  0  0  0  0  0  0  0  0  0  0  0  0  0  0  0  0  0  0  0  0  0  0  0  0  0  0  0  0  0  0  0  0  0  0  0  0  0  0  0  0  0
-5.3  0  0  0  0  0  0  0  0  0  0  0  0  0  0  0  0  0  0  0  0  0  0  0  0  0  0  0  0  0  0  0  0  0  0  0  0  0  0  0  0  0  0  0  0  0  0  0  0  0  0  0  0  0  0  0  0  0  0  0  0  0  0  0  0  0  0  0  0  0  0  0  0  0  0
-5.2  0  0  0  0  0  0  0  0  0  0  0  0  0  0  0  0  0  0  0  0  0  0  0  0  0  0  0  0  0  0  0  0  0  0  0  0  0  0  0  0  0  0  0  0  0  0  0  0  0  0  0  0  0  0  0  0  0  0  0  0  0  0  0  0  0  0  0  0  0  0  0  0  0  0
-5.1  0  0  0  0  0  0  0  0  0  0  0  0  0  0  0  0  0  0  0  0  0  0  0  0  0  0  0  0  0  0  0  0  0  0  0  0  0  0  0  0  0  0  0  0  0  0  0  0  0  0  0  0  0  0  0  0  0  0  0  0  0  0  0  0  0  0  0  0  0  0  0  0  0  0
-5  0  0  0  0  0  0  0  0  0  0  0  0  0  0  0  0  0  0  0  0  0  0  0  0  0  0  0  0  0  0  0  0  0  0  0  0  0  0  0  0  0  0  0  0  0  0  0  0  0  0  0  0  0  0  0  0  0  0  0  0  0  0  0  0  0  0  0  0  0  0  0  0  0  0
-4.9  0  0  0  0  0  0  0  0  0  0  0  0  0  0  0  0  0  0  0  0  0  0  0  0  0  0  0  0  0  0  0  0  0  0  0  0  0  0  0  0  0  0  0  0  0  0  0  0  0  0  0  0  0  0  0  0  0  0  0  0  0  0  0  0  0  0  0  0  0  0  0  0  0  0
-4.8  0  0  0  0  0  0  0  0  0  0  0  0  0  0  0  0  0  0  0  0  0  0  0  0  0  0  0  0  0  0  0  0  0  0  0  0  0  0  0  0  0  0  0  0  0  0  0  0  0  0  0  0  0  0  0  0  0  0  0  0  0  0  0  0  0  0  0  0  0  0  0  0  0  0
-4.7  0  0  0  0  0  0  0  0  0  0  0  0  0  0  0  0  0  0  0  0  0  0  0  0  0  0  0  0  0  0  0  0  0  0  0  0  0  0  0  0  0  0  0  0  0  0  0  0  0  0  0  0  0  0  0  0  0  0  0  0  0  0  0  0  0  0  0  0  0  0  0  0  0  0
-4.6  0  0  0  0  0  0  0  0  0  0  0  0  0  0  0  0  0  0  0  0  0  0  0  0  0  0  0  0  0  0  0  0  0  0  0  0  0  0  0  0  0  0  0  0  0  0  0  0  0  0  0  0  0  0  0  0  0  0  0  0  0  0  0  0  0  0  0  0  0  0  0  0  0  0
-4.5  0  0  0  0  0  0  0  0  0  0  0  0  0  0  0  0  0  0  0  0  0  0  0  0  0  0  0  0  0  0  0  0  0  0  0  0  0  0  0  0  0  0  0  0  0  0  0  0  0  0  0  0  0  0  0  0  0  0  0  0  0  0  0  0  0  0  0  0  0  0  0  0  0  0
-4.4  0  0  0  0  0  0  0  0  0  0  0  0  0  0  0  0  0  0  0  0  0  0  0  0  0  0  0  0  0  0  0  0  0  0  0  0  0  0  0  0  0  0  0  0  0  0  0  0  0  0  0  0  0  0  0  0  0  0  0  0  0  0  0  0  0  0  0  0  0  0  0  0  0  0
-4.3  0  0  0  0  0  0  0  0  0  0  0  0  0  0  0  0  0  0  0  0  0  0  0  0  0  0  0  0  0  0  0  0  0  0  0  0  0  0  0  0  0  0  0  0  0  0  0  0  0  0  0  0  0  0  0  0  0  0  0  0  0  0  0  0  0  0  0  0  0  0  0  0  0  0
-4.2  0  0  0  0  0  0  0  0  0  0  0  0  0  0  0  0  0  0  0  0  0  0  0  0  0  0  0  0  0  0  0  0  0  0  0  0  0  0  0  0  0  0  0  0  0  0  0  0  0  0  0  0  0  0  0  0  0  0  0  0  0  0  0  0  0  0  0  0  0  0  0  0  0  0
-4.1  0  0  0  0  0  0  0  0  0  0  0  0  0  0  0  0  0  0  0  0  0  0  0  0  0  0  0  0  0  0  0  0  0  0  0  0  0  0  0  0  0  0  0  0  0  0  0  0  0  0  0  0  0  0  0  0  0  0  0  0  0  0  0  0  0  0  0  0  0  0  0  0  0  0
-4  0  0  0  0  0  0  0  0  0  0  0  0  0  0  0  0  0  0  0  0  0  0  0  0  0  0  0  0  0  0  0  0  0  0  0  0  0  0  0  0  0  0  0  0  0  0  0  0  0  0  0  0  0  0  0  0  0  0  0  0  0  0  0  0  0  0  0  0  0  0  0  0  0  0
-3.9  0  0  0  0  0  0  0  0  0  0  0  0  0  0  0  0  0  0  0  0  0  0  0  0  0  0  0  0  0  0  0  0  0  0  0  0  0  0  0  0  0  0  0  0  0  0  0  0  0  0  0  0  0  0  0  0  0  0  0  0  0  0  0  0  0  0  0  0  0  0  0  0  0  0
-3.8  0  0  0  0  0  0  0  0  0  0  0  0  0  0  0  0  0  0  0  0  0  0  0  0  0  0  0  0  0  0  0  0  0  0  0  0  0  0  0  0  0  0  0  0  0  0  0  0  0  0  0  0  0  0  0  0  0  0  0  0  0  0  0  0  0  0  0  0  0  0  0  0  0  0
-3.7  0  0  0  0  0  0  0  0  0  0  0  0  0  0  0  0  0  0  0  0  0  0  0  0  0  0  0  0  0  0  0  0  0  0  0  0  0  0  0  0  0  0  0  0  0  0  0  0  0  0  0  0  0  0  0  0  0  0  0  0  0  0  0  0  0  0  0  0  0  0  0  0  0  0
-3.6  0  0  0  0  0  0  0  0  0  0  0  0  0  0  0  0  0  0  0  0  0  0  0  0  0  0  0  0  0  0  0  0  0  0  0  0  0  0  0  0  0  0  0  0  0  0  0  0  0  0  0  0  0  0  0  0  0  0  0  0  0  0  0  0  0  0  0  0  0  0  0  0  0  0
-3.5  0  0  0  0  0  0  0  0  0  0  0  0  0  0  0  0  0  0  0  0  0  0  0  0  0  0  0  0  0  0  0  0  0  0  0  0  0  0  0  0  0  0  0  0  0  0  0  0  0  0  0  0  0  0  0  0  0  0  0  0  0  0  0  0  0  0  0  0  0  0  0  0  0  0
-3.4  0  0  0  0  0  0  0  0  0  0  0  0  0  0  0  0  0  0  0  0  0  0  0  0  0  0  0  0  0  0  0  0  0  0  0  0  0  0  0  0  0  0  0  0  0  0  0  0  0  0  0  0  0  0  0  0  0  0  0  0  0  0  0  0  0  0  0  0  0  0  0  0  0  0
-3.3  0  0  0  0  0  0  0  0  0  0  0  0  0  0  0  0  0  0  0  0  0  0  0  0  0  0  0  0  0  0  0  0  0  0  0  0  0  0  0  0  0  0  0  0  0  0  0  0  0  0  0  0  0  0  0  0  0  0  0  0  0  0  0  0  0  0  0  0  0  0  0  0  0  0
-3.2  0  0  0  0  0  0  0  0  0  0  0  0  0  0  0  0  0  0  0  0  0  0  0  0  0  0  0  0  0  0  0  0  0  0  0  0  0  0  0  0  0  0  0  0  0  0  0  0  0  0  0  0  0  0  0  0  0  0  0  0  0  0  0  0  0  0  0  0  0  0  0  0  0  0
-3.1  0  0  0  0  0  0  0  0  0  0  0  0  0  0  0  0  0  0  0  0  0  0  0  0  0  0  0  0  0  0  0  0  0  0  0  0  0  0  0  0  0  0  0  0  0  0  0  0  0  0  0  0  0  0  0  0  0  0  0  0  0  0  0  0  0  0  0  0  0  0  0  0  0  0
-3  0  0  0  0  0  0  0  0  0  0  0  0  0  0  0  0  0  0  0  0  0  0  0  0  0  0  0  0  0  0  0  0  0  0  0  0  0  0  0  0  0  0  0  0  0  0  0  0  0  0  0  0  0  0  0  0  0  0  0  0  0  0  0  0  0  0  0  0  0  0  0  0  0  0
-2.9  0  0  0  0  0  0  0  0  0  0  0  0  0  0  0  0  0  0  0  0  0  0  0  0  0  0  0  0  0  0  0  0  0  0  0  0  0  0  0  0  0  0  0  0  0  0  0  0  0  0  0  0  0  0  0  0  0  0  0  0  0  0  0  0  0  0  0  0  0  0  0  0  0  0
-2.8  0  0  0  0  0  0  0  0  0  0  0  0  0  0  0  0  0  0  0  0  0  0  0  0  0  0  0  0  0  0  0  0  0  0  0  0  0  0  0  0  0  0  0  0  0  0  0  0  0  0  0  0  0  0  0  0  0  0  0  0  0  0  0  0  0  0  0  0  0  0  0  0  0  0
-2.7  0  0  0  0  0  0  0  0  0  0  0  0  0  0  0  0  0  0  0  0  0  0  0  0  0  0  0  0  0  0  0  0  0  0  0  0  0  0  0  0  0  0  0  0  0  0  0  0  0  0  0  0  0  0  0  0  0  0  0  0  0  0  0  0  0  0  0  0  0  0  0  -1.2509e-16  -2.50185e-16  -3.75306e-16
-2.6  0  0  0  0  0  0  0  0  0  0  0  0  0  0  0  0  0  0  0  0  0  0  0  0  0  0  0  0  0  0  0  0  0  0  0  0  0  0  0  0  0  0  0  0  0  0  0  0  0  0  0  0  0  0  0  0  0  0  0  0  0  0  0  0  -1.26023e-16  -2.51745e-16  -3.77248e-16  -6.27933e-16  -1.00362e-15  -1.50423e-15  -2.12977e-15  -2.88031e-15  -3.75598e-15  -4.88206e-15
-2.5  0  0  0  0  0  0  0  0  0  0  0  0  0  0  0  0  0  0  0  0  0  0  0  0  0  0  0  0  0  0  0  0  0  0  0  0  0  0  0  0  0  0  0  0  0  0  0  0  0  0  0  0  0  0  0  0  0  0  -1.26251e-16  -2.52619e-16  -5.0561e-16  -7.58877e-16  -1.26532e-15  -1.89749e-15  -2.65363e-15  -3.53369e-15  -4.66321e-15  -6.16732e-15  -8.29621e-15  -1.10496e-14  -1.45526e-14  -1.91809e-14  -2.50604e-14  -3.31933e-14
-2.4  0  0  0  0  0  0  0  0  0  0  0  0  0  0  0  0  0  0  0  0  0  0  0  0  0  0  0  0  0  0  0  0  0  0  0  0  0  0  0  0  0  0  0  0  0  0  0  0  0  0  0  0  -1.25767e-16  -3.77395e-16  -6.29149e-16  -1.00701e-15  -1.51119e-15  -2.39419e-15  -3.4042e-15  -4.41515e-15  -5.8066e-15  -7.95937e-15  -1.08714e-14  -1.4538e-14  -1.95789e-14  -2.63679e-14  -3.54041e-14  -4.71863e-14  -6.24642e-14  -8.28641e-14  -1.09637e-13  -1.44537e-13  -1.90698e-13  -2.50255e-13
-2.3  0  0  0  0  0  0  0  0  0  0  0  0  0  0  0  0  0  0  0  0  0  0  0  0  0  0  0  0  0  0  0  0  0  0  0  0  0  0  0  0  0  0  0  0  0  0  -1.26051e-16  -2.51962e-16  -5.03598e-16  -8.80886e-16  -1.38384e-15  -2.01255e-15  -2.64139e-15  -3.77371e-15  -5.53599e-15  -8.05508e-15  -1.17104e-14  -1.62515e-14  -2.24378e-14  -3.141e-14  -4.368e-14  -6.03956e-14  -8.24258e-14  -1.12012e-13  -1.51079e-13  -2.02751e-13  -2.70899e-13  -3.60644e-13  -4.78609e-13  -6.33048e-13  -8.35097e-13  -1.09904e-12  -1.4428e-12  -1.89023e-12
-2.2  0  0  0  0  0  0  0  0  0  0  0  0  0  0  0  0  0  0  0  0  0  0  0  0  0  0  0  0  0  0  0  0  0  0  0  0  0  0  0  0  0  -1.27884e-16  -3.82462e-16  -6.3616e-16  -1.1422e-15  -2.02592e-15  -3.03433e-15  -4.29345e-15  -6.30653e-15  -9.19908e-15  -1.35999e-14  -1.96355e-14  -2.8062e-14  -3.9511e-14  -5.57491e-14  -7.77912e-14  -1.07538e-13  -1.48156e-13  -2.03201e-13  -2.76874e-13  -3.7554e-13  -5.07113e-13  -6.82214e-13  -9.13591e-13  -1.21806e-12  -1.61799e-12  -2.14259e-12  -2.82946e-12  -3.7271e-12  -4.89728e-12  -6.41972e-12  -8.3979e-12  -1.09664e-11  -1.42979e-11
-2.1  0  0  0  0  0  0  0  0  0  0  0  0  0  0  0  0  0  0  0  0  0  0  0  0  0  0  0  0  0  0  0  0  0  0  0  0  0  -2.57347e-16  -5.15108e-16  -1.03126e-15  -1.67465e-15  -2.56984e-15  -4.2246e-15  -6.88842e-15  -1.08102e-14  -1.67438e-14  -2.54413e-14  -3.8662e-14  -5.72831e-14  -8.35675e-14  -1.20535e-13  -1.71963e-13  -2.43147e-13  -3.41031e-13  -4.74208e-13  -6.55079e-13  -8.99353e-13  -1.2272e-12  -1.66554e-12  -2.24987e-12  -3.02554e-12  -4.05102e-12  -5.40207e-12  -7.17786e-12  -9.50437e-12  -1.2549e-11  -1.65263e-11  -2.17087e-11  -2.8444e-11  -3.71822e-11  -4.85136e-11  -6.32019e-11  -8.22185e-11  -1.06775e-10
-2  0  0  0  0  0  0  0  0  0  0  0  0  0  0  0  0  0  0  0  0  0  0  0  0  0  0  0  0  0  0  0  0  0  -2.55916e-16  -7.68365e-16  -1.40979e-15  -2.4376e-15  -4.11036e-15  -7.07461e-15  -1.21071e-14  -2.00851e-14  -3.24899e-14  -5.06922e-14  -7.80916e-14  -1.18574e-13  -1.77279e-13  -2.61985e-13  -3.81349e-13  -5.48939e-13  -7.82103e-13  -1.10362e-12  -1.54434e-12  -2.1445e-12  -2.956e-12  -4.04748e-12  -5.50856e-12  -7.4577e-12  -1.00493e-11  -1.3483e-11  -1.8015e-11  -2.39794e-11  -3.1818e-11  -4.21084e-11  -5.5599e-11  -7.32264e-11  -9.61962e-11  -1.2602e-10  -1.64641e-10  -2.14614e-10  -2.79346e-10  -3.63173e-10  -4.71485e-10  -6.10812e-10  -7.8929e-10
-1.9  0  0  0  0  0  0  0  0  0  0  0  0  0  0  0  0  0  0  0  0  0  0  0  0  0  0  0  0  0  -2.55143e-16  -7.65657e-16  -1.53194e-15  -2.93804e-15  -5.75312e-15  -1.03652e-14  -1.84471e-14  -3.23225e-14  -5.44544e-14  -9.00255e-14  -1.44995e-13  -2.29408e-13  -3.55118e-13  -5.40324e-13  -8.08482e-13  -1.19256e-12  -1.73593e-12  -2.49652e-12  -3.55166e-12  -5.0031e-12  -6.98688e-12  -9.68083e-12  -1.33178e-11  -1.81971e-11  -2.47107e-11  -3.33777e-11  -4.48784e-11  -6.00936e-11  -8.01456e-11  -1.06471e-10  -1.40958e-10  -1.86149e-10  -2.45506e-10  -3.234e-10  -4.25259e-10  -5.57493e-10  -7.28366e-10  -9.48793e-10  -1.23361e-09  -1.60286e-09  -2.08071e-09  -2.69617e-09  -3.48301e-09  -4.48487e-09  -5.76279e-09
-1.8  0  0  0  0  0  0  0  0  0  0  0  0  0  0  0  0  0  0  0  0  0  0  0  0  0  -1.2775e-16  -5.10666e-16  -1.53125e-15  -3.31697e-15  -6.7614e-15  -1.32705e-14  -2.50201e-14  -4.59837e-14  -8.194e-14  -1.42281e-13  -2.41061e-13  -3.98829e-13  -6.45882e-13  -1.02466e-12  -1.59514e-12  -2.43657e-12  -3.65594e-12  -5.40095e-12  -7.86904e-12  -1.13203e-11  -1.60959e-11  -2.26447e-11  -3.15706e-11  -4.36692e-11  -5.99756e-11  -8.18124e-11  -1.10878e-10  -1.4941e-10  -2.00432e-10  -2.67848e-10  -3.56636e-10  -4.73005e-10  -6.24935e-10  -8.23225e-10  -1.08288e-09  -1.42457e-09  -1.87349e-09  -2.4596e-09  -3.21743e-09  -4.19052e-09  -5.44231e-09  -7.06222e-09  -9.17048e-09  -1.18924e-08  -1.53762e-08  -1.97855e-08  -2.53647e-08  -3.24908e-08  -4.1698e-08
-1.7  0  0  0  0  0  0  0  0  0  0  0  0  0  0  0  0  0  0  0  0  0  0  -2.56662e-16  -7.69032e-16  -2.17593e-15  -5.36968e-15  -1.25174e-14  -2.68056e-14  -5.43567e-14  -1.05385e-13  -1.97023e-13  -3.56537e-13  -6.25229e-13  -1.06541e-12  -1.77015e-12  -2.87494e-12  -4.57186e-12  -7.12911e-12  -1.09136e-11  -1.64286e-11  -2.43442e-11  -3.55346e-11  -5.11787e-11  -7.27983e-11  -1.02364e-10  -1.42499e-10  -1.96787e-10  -2.6986e-10  -3.67636e-10  -4.97498e-10  -6.68973e-10  -8.94993e-10  -1.19355e-09  -1.58667e-09  -2.102e-09  -2.77286e-09  -3.64375e-09  -4.77869e-09  -6.26948e-09  -8.24165e-09  -1.08265e-08  -1.41833e-08  -1.8483e-08  -2.39802e-08  -3.10615e-08  -4.02893e-08  -5.23839e-08  -6.78472e-08  -8.7415e-08  -1.11798e-07  -1.426e-07  -1.82391e-07  -2.34551e-07  -3.02969e-07
-1.6  0  0  0  0  0  0  0  0  0  0  0  0  0  0  0  0  0  0  0  -2.59058e-16  -9.0415e-16  -2.83364e-15  -8.22355e-15  -2.1289e-14  -5.03223e-14  -1.1062e-13  -2.28303e-13  -4.48621e-13  -8.48878e-13  -1.5532e-12  -2.75099e-12  -4.72276e-12  -7.88124e-12  -1.28381e-11  -2.04628e-11  -3.19624e-11  -4.89682e-11  -7.36798e-11  -1.09136e-10  -1.59603e-10  -2.30432e-10  -3.28322e-10  -4.61915e-10  -6.42473e-10  -8.8546e-10  -1.21258e-09  -1.65016e-09  -2.23132e-09  -2.99596e-09  -3.99767e-09  -5.31387e-09  -7.05538e-09  -9.3383e-09  -1.23126e-08  -1.61484e-08  -2.11051e-08  -2.75887e-08  -3.61818e-08  -4.76432e-08  -6.24974e-08  -8.1555e-08  -1.05589e-07  -1.36298e-07  -1.76406e-07  -2.29414e-07  -2.99419e-07  -3.86249e-07  -4.94533e-07  -6.26511e-07  -7.96e-07  -1.02131e-06  -1.32234e-06  -1.7179e-06  -2.17317e-06
-1.5  0  0  0  0  0  0  0  0  0  0  0  0  0  0  0  0  -1.31623e-16  -6.54883e-16  -2.73699e-15  -9.4725e-15  -2.85672e-14  -7.7962e-14  -1.93717e-13  -4.4465e-13  -9.48703e-13  -1.90427e-12  -3.64807e-12  -6.74873e-12  -1.20893e-11  -2.09532e-11  -3.518e-11  -5.74602e-11  -9.17936e-11  -1.43631e-10  -2.20346e-10  -3.31565e-10  -4.9024e-10  -7.14662e-10  -1.0312e-09  -1.47211e-09  -2.07662e-09  -2.89028e-09  -3.97749e-09  -5.4326e-09  -7.39127e-09  -9.9916e-09  -1.34144e-08  -1.78646e-08  -2.36581e-08  -3.12899e-08  -4.14658e-08  -5.46547e-08  -7.16947e-08  -9.33729e-08  -1.21415e-07  -1.58618e-07  -2.08699e-07  -2.76019e-07  -3.60326e-07  -4.66941e-07  -5.98189e-07  -7.68893e-07  -9.98605e-07  -1.30842e-06  -1.71769e-06  -2.18663e-06  -2.77367e-06  -3.46517e-06  -4.41622e-06  -5.73757e-06  -7.5177e-06  -9.81456e-06  -1.19731e-05  -1.49711e-05
-1.4  0  0  0  0  0  0  0  0  0  0  0  0  0  0  -2.67462e-16  -1.85867e-15  -8.17659e-15  -2.9107e-14  -9.43029e-14  -2.75773e-13  -7.25273e-13  -1.7506e-12  -3.89271e-12  -8.03483e-12  -1.56416e-11  -2.92014e-11  -5.28942e-11  -9.28142e-11  -1.57268e-10  -2.57965e-10  -4.12313e-10  -6.46525e-10  -9.93388e-10  -1.49658e-09  -2.21072e-09  -3.21155e-09  -4.61185e-09  -6.57744e-09  -9.27861e-09  -1.29455e-08  -1.78214e-08  -2.42775e-08  -3.29256e-08  -4.46389e-08  -5.99493e-08  -7.98877e-08  -1.05403e-07  -1.3863e-07  -1.82989e-07  -2.42987e-07  -3.18178e-07  -4.14793e-07  -5.35163e-07  -6.93915e-07  -9.1102e-07  -1.20853e-06  -1.60812e-06  -2.06672e-06  -2.65177e-06  -3.34467e-06  -4.31049e-06  -5.66923e-06  -7.51631e-06  -9.91399e-06  -1.21331e-05  -1.52786e-05  -1.85566e-05  -2.40099e-05  -3.16339e-05  -4.14819e-05  -5.33853e-05  0.00784589  0.00844682  0.0165739
-1.3  0  0  0  0  0  0  0  0  0  0  0  0  0  -2.71189e-15  -2.00969e-14  -8.36125e-14  -2.85128e-13  -9.15394e-13  -2.6153e-12  -6.65972e-12  -1.56012e-11  -3.35443e-11  -6.68619e-11  -1.26213e-10  -2.2999e-10  -4.0886e-10  -7.02599e-10  -1.16161e-09  -1.859e-09  -2.90897e-09  -4.48551e-09  -6.76659e-09  -1.00064e-08  -1.44974e-08  -2.06967e-08  -2.93355e-08  -4.14811e-08  -5.77864e-08  -7.96061e-08  -1.0815e-07  -1.46039e-07  -1.97424e-07  -2.67898e-07  -3.56394e-07  -4.70967e-07  -6.14284e-07  -8.0469e-07  -1.06649e-06  -1.42627e-06  -1.83734e-06  -2.38087e-06  -3.03049e-06  -3.94967e-06  -5.26225e-06  -7.0689e-06  -9.44373e-06  -1.16072e-05  -1.48033e-05  -1.81014e-05  -2.36909e-05  -3.15911e-05  -4.18861e-05  -5.44215e-05  0.0079608  0.00857412  0.0168124  0.0237434  0.0303309  0.0368547  0.0434986  0.0503719  0.0496373  0.0609588  0.0631126
-1.2  0  0  0  0  0  0  0  0  0  0  0  0  -3.26164e-14  -2.21093e-13  -8.48826e-13  -2.78559e-12  -8.84829e-12  -2.45321e-11  -6.02692e-11  -1.36988e-10  -2.83993e-10  -5.45399e-10  -9.99046e-10  -1.78233e-09  -3.11908e-09  -5.23949e-09  -8.42347e-09  -1.31386e-08  -2.0167e-08  -3.06772e-08  -4.53563e-08  -6.57838e-08  -9.33465e-08  -1.31123e-07  -1.84178e-07  -2.59355e-07  -3.55362e-07  -4.82996e-07  -6.45434e-07  -8.66094e-07  -1.17525e-06  -1.60499e-06  -2.09194e-06  -2.74445e-06  -3.52505e-06  -4.64061e-06  -6.23791e-06  -8.4372e-06  -1.03723e-05  -1.34947e-05  -1.66617e-05  -2.21228e-05  -2.99624e-05  -4.02691e-05  -5.29648e-05  0.00774232  0.00833728  0.0165061  0.0234366  0.0300749  0.0366995  0.0434929  0.0505557  0.0499244  0.0615468  0.0638691  0.0715996  0.0810227  0.0916626  0.103239  0.115668  0.128915  0.13647  0.15033
-1.1  0  0  0  0  0  0  0  0  0  0  0  -3.89618e-13  -2.35981e-12  -8.40584e-12  -2.67625e-11  -8.47804e-11  -2.26861e-10  -5.35912e-10  -1.18334e-09  -2.35574e-09  -4.34908e-09  -7.75153e-09  -1.36049e-08  -2.35163e-08  -3.84119e-08  -5.97469e-08  -9.08758e-08  -1.37461e-07  -2.0725e-07  -2.98481e-07  -4.24546e-07  -5.88726e-07  -8.1695e-07  -1.14532e-06  -1.61467e-06  -2.14814e-06  -2.88818e-06  -3.78043e-06  -5.08606e-06  -6.99399e-06  -9.65333e-06  -1.19319e-05  -1.5744e-05  -1.95743e-05  -2.62927e-05  -3.59007e-05  -4.85173e-05  0.00722027  0.00777118  0.0156121  0.0223617  0.0288907  0.035463  0.0422462  0.0493431  0.0490157  0.0606517  0.0631993  0.0711306  0.0808145  0.0917794  0.103756  0.116649  0.130409  0.138381  0.152791  0.162512  0.174087  0.187063  0.201484  0.217208  0.23418  0.254454  0.270116
-1  0  0  0  0  0  0  0  0  0  0  -4.59399e-12  -2.50054e-11  -8.08666e-11  -2.53153e-10  -8.06376e-10  -2.06234e-09  -4.67067e-09  -1.00509e-08  -1.90719e-08  -3.3796e-08  -5.89753e-08  -1.02537e-07  -1.75546e-07  -2.7554e-07  -4.12191e-07  -6.1449e-07  -9.24007e-07  -1.38812e-06  -1.91567e-06  -2.68638e-06  -3.62428e-06  -5.0216e-06  -7.1043e-06  -1.00648e-05  -1.25436e-05  -1.69808e-05  -2.1364e-05  -2.93075e-05  -4.0865e-05  -5.6252e-05  0.00785793  0.00846459  0.0169893  0.0243142  0.0314191  0.0385895  0.0460061  0.0464932  0.0580763  0.0610802  0.0691401  0.0789476  0.0900367  0.102166  0.115263  0.129305  0.13791  0.152805  0.163191  0.17546  0.189204  0.204472  0.221106  0.23903  0.260293  0.276851  0.298004  0.316719  0.335658  0.354972  0.375076  0.396025  0.417916  0.443661
-0.9  0  0  0  0  0  0  0  0  0  -5.35182e-11  -2.5906e-10  -7.63713e-10  -2.3546e-09  -7.62343e-09  -1.83393e-08  -3.97835e-08  -8.39782e-08  -1.49798e-07  -2.55086e-07  -4.4118e-07  -7.66099e-07  -1.2995e-06  -1.91362e-06  -2.7455e-06  -4.07377e-06  -6.16866e-06  -9.25931e-06  -1.17435e-05  -1.66638e-05  -2.14049e-05  -3.018e-05  -4.32228e-05  -6.08262e-05  0.00797343  0.00858525  0.0175319  0.0253203  0.0329744  0.0407957  0.0489733  0.0496546  0.0624763  0.0659289  0.0749361  0.0858072  0.098061  0.11144  0.125872  0.135502  0.150894  0.162188  0.175189  0.189642  0.205587  0.222917  0.241591  0.26363  0.281344  0.303621  0.323631  0.343941  0.364712  0.386325  0.408805  0.432194  0.459458  0.484124  0.51221  0.539545  0.566936  0.594134  0.621493  0.649022  0.676324
-0.8  0  0  0  0  0  0  0  0  -6.14754e-10  -2.60858e-09  -6.97315e-09  -2.19146e-08  -7.1508e-08  -1.58274e-07  -3.3036e-07  -6.91561e-07  -1.12902e-06  -1.86693e-06  -3.26779e-06  -5.70318e-06  -9.53934e-06  -1.25311e-05  -1.73751e-05  -2.63426e-05  -4.03395e-05  -5.97387e-05  0.00772048  0.00830298  0.0172545  0.0251957  0.0331093  0.0412973  0.0499456  0.0511108  0.0647371  0.0687597  0.0787114  0.0907554  0.104404  0.119388  0.135577  0.146451  0.163733  0.176475  0.19114  0.207357  0.225174  0.244464  0.267061  0.286021  0.309263  0.330614  0.352261  0.374403  0.397405  0.421329  0.446261  0.47504  0.501493  0.531411  0.560702  0.59014  0.61942  0.648848  0.678361  0.707566  0.740053  0.770926  0.804336  0.837854  0.87184  0.905623  0.939372  0.97288
-0.7  0  0  0  0  0  0  0  -6.94278e-09  -2.53616e-08  -6.11199e-08  -2.03299e-07  -6.75628e-07  -1.30544e-06  -2.67444e-06  -5.63606e-06  -7.94888e-06  -1.31646e-05  -2.3855e-05  -4.1484e-05  -6.72476e-05  0.00824486  0.0156373  0.0230987  0.0309399  0.0393449  0.0484295  0.0504692  0.0646795  0.0695473  0.0802828  0.093255  0.107957  0.124145  0.141756  0.1543  0.173537  0.188191  0.205026  0.223644  0.244106  0.266184  0.291806  0.313263  0.339454  0.36344  0.387755  0.41254  0.438198  0.464783  0.494933  0.523158  0.554633  0.585706  0.616962  0.648162  0.679579  0.711213  0.742642  0.777303  0.810477  0.846234  0.882135  0.918502  0.954584  0.990481  1.026  1.06013  1.09629  1.13087  1.16697  1.20311  1.23986  1.27647  1.31307
-0.6  0  0  0  0  0  0  -7.68478e-08  -2.35786e-07  -5.1035e-07  -1.89301e-06  -6.36181e-06  -1.00815e-05  -2.09361e-05  -4.49396e-05  0.00730168  0.0144704  0.02224  0.0308547  0.0404418  0.0510716  0.0544426  0.0642565  0.076677  0.0910967  0.107245  0.125031  0.144424  0.159293  0.180676  0.197798  0.217047  0.238148  0.261155  0.285946  0.314562  0.339257  0.369057  0.396648  0.424754  0.453448  0.48305  0.513467  0.547654  0.579401  0.614639  0.649153  0.683761  0.718156  0.752663  0.786789  0.823721  0.85925  0.897062  0.935015  0.973391  1.01156  1.04965  1.08748  1.12401  1.16251  1.19941  1.23781  1.27612  1.3149  1.35328  1.39144  1.42927  1.46527  1.50228  1.5375  1.57312  1.60818  1.6434  1.67822
-0.5  0  0  0  0  0  -8.28373e-07  -2.06664e-06  -3.97996e-06  -1.75593e-05  -5.84218e-05  0.00951095  0.0193983  0.030577  0.0434715  0.05056  0.0632736  0.0787192  0.09642  0.116192  0.137968  0.161722  0.180926  0.202131  0.22524  0.250301  0.277213  0.305923  0.338359  0.367281  0.401141  0.432992  0.465285  0.498128  0.531913  0.566674  0.605368  0.641681  0.681838  0.721207  0.760746  0.799849  0.83875  0.876894  0.917898  0.956865  0.998189  1.03934  1.08077  1.12178  1.1625  1.20176  1.24256  1.28167  1.3219  1.36191  1.40231  1.4425  1.48249  1.52215  1.55993  1.59858  1.63529  1.67226  1.70839  1.74441  1.7802  1.81596  1.85174  1.88612  1.92029  1.95292  1.98471  2.01526  2.0451
-0.4  0  0  0  0  -8.62908e-06  -1.65062e-05  0.0083181  0.0201439  0.0356979  0.0546665  0.0670959  0.0871419  0.110949  0.138337  0.168476  0.195569  0.224584  0.255511  0.288337  0.322969  0.359347  0.399549  0.437483  0.4755  0.513853  0.552904  0.592709  0.633316  0.677421  0.719114  0.764282  0.808527  0.852708  0.896414  0.939987  0.982857  1.02866  1.0723  1.11851  1.16424  1.20995  1.25458  1.29842  1.34006  1.38333  1.42457  1.4669  1.50884  1.55084  1.59227  1.63329  1.67232  1.71184  1.74928  1.78702  1.82436  1.86156  1.89835  1.93473  1.97086  2.00539  2.03953  2.07186  2.10313  2.13285  2.16111  2.18786  2.21342  2.23803  2.26167  2.28456  2.3066  2.32788  2.34824
-0.3  0  0  0  -8.67733e-05  0.015509  0.0442126  0.0720978  0.106911  0.145974  0.189148  0.235951  0.278223  0.323075  0.370374  0.419191  0.47048  0.520073  0.569476  0.618853  0.668339  0.717931  0.767688  0.820674  0.872669  0.924196  0.974892  1.0249  1.07417  1.12221  1.17239  1.21993  1.26941  1.31805  1.36659  1.41435  1.46141  1.50646  1.55299  1.59685  1.64161  1.68519  1.72813  1.76949  1.81081  1.85084  1.89099  1.92935  1.96702  2.00365  2.03963  2.07479  2.10943  2.14229  2.17451  2.20444  2.23257  2.25901  2.28416  2.30814  2.33109  2.35318  2.37432  2.39467  2.41399  2.43247  2.45006  2.46664  2.48207  2.49634  2.50949  2.52156  2.53259  2.54264  2.55182
-0.2  0  0  -0.00410253  0.0765029  0.15301  0.22531  0.304638  0.378816  0.454296  0.528719  0.6028  0.679117  0.749841  0.819666  0.881948  0.946634  1.01172  1.07475  1.13585  1.19484  1.25206  1.30809  1.36224  1.41768  1.47191  1.52498  1.57634  1.62599  1.67399  1.71936  1.76536  1.80855  1.85273  1.89658  1.94013  1.98286  2.02466  2.06394  2.10256  2.13849  2.17302  2.20578  2.2387  2.2699  2.29884  2.32577  2.35124  2.37512  2.39761  2.41862  2.43829  2.45669  2.47402  2.49021  2.50548  2.51959  2.53249  2.54394  2.554  2.56275  2.57028  2.57676  2.58229  2.59536  2.6046  2.6111  2.61564  2.6187  2.62061  2.62156  2.62172  2.62124  2.6202  2.61868
-0.1  0  -0.249156  0.173388  0.403506  0.562522  0.713246  0.840051  0.962446  1.06978  1.16944  1.26099  1.34597  1.42807  1.48142  1.55593  1.61987  1.68116  1.73982  1.79489  1.84764  1.90017  1.9509  1.99939  2.04428  2.08731  2.12819  2.16742  2.20524  2.24159  2.27644  2.30854  2.33928  2.36643  2.39099  2.41324  2.43355  2.45217  2.46938  2.48507  2.49955  2.53058  2.55373  2.57003  2.58199  2.59085  2.59725  2.60154  2.60418  2.6055  2.60579  2.60522  2.60395  2.60208  2.59973  2.59697  2.59391  2.59061  2.58711  2.58335  2.57927  2.57481  2.56992  2.56477  2.55115  2.54208  2.53577  2.53115  2.52747  2.52424  2.52117  2.51808  2.51487  2.5115  2.50792
0  0  0.775153  0.92967  1.16273  1.41232  1.60243  1.75824  1.8809  1.98647  2.07493  2.15094  2.2093  2.17064  2.25698  2.30889  2.35387  2.39057  2.4213  2.44814  2.47053  2.48686  2.49919  2.50865  2.51606  2.52171  2.52609  2.52913  2.5307  2.53086  2.5297  2.52754  2.52428  2.52035  2.5154  2.50957  2.50289  2.49578  2.48812  2.48006  2.47173  2.44615  2.43145  2.42391  2.4207  2.41997  2.42058  2.4218  2.42312  2.42423  2.42492  2.4251  2.42472  2.42376  2.42224  2.42019  2.41765  2.41468  2.41133  2.40764  2.40364  2.39933  2.3947  2.38957  2.38384  2.37478  2.36433  2.35341  2.34265  2.3324  2.32268  2.31339  2.30441  2.2956  2.28687
0.1  0  0.13842  0.21647  0.331183  0.465381  0.612914  0.759798  0.901164  1.03368  1.15727  1.25532  1.35806  1.52656  1.5715  1.63152  1.69048  1.7482  1.8015  1.84994  1.89354  1.93227  1.96575  1.99432  2.01851  2.03892  2.05602  2.0714  2.0847  2.09576  2.10587  2.11436  2.12227  2.12877  2.13487  2.1397  2.14317  2.14658  2.1499  2.15303  2.15591  2.15762  2.15186  2.14347  2.13564  2.12978  2.12591  2.12345  2.12179  2.12038  2.11886  2.11703  2.11474  2.11197  2.10866  2.10485  2.10054  2.09577  2.09057  2.085  2.07915  2.07304  2.06672  2.06024  2.05353  2.04762  2.04029  2.03102  2.02029  2.00819  1.99514  1.98145  1.96728  1.9527  1.93783
0.2  0  0  0.0112987  0.0250098  0.0547456  0.0978884  0.153441  0.21832  0.287282  0.358972  0.447829  0.52239  0.620347  0.729852  0.810904  0.88577  0.950731  1.01069  1.06568  1.11615  1.16241  1.20475  1.2431  1.27746  1.30779  1.34151  1.3695  1.3929  1.42036  1.44278  1.46855  1.48915  1.51285  1.53175  1.54346  1.56608  1.58842  1.6105  1.63208  1.65288  1.67263  1.69381  1.7132  1.7281  1.73773  1.74248  1.74353  1.74172  1.73779  1.7325  1.72608  1.71893  1.71108  1.70279  1.69403  1.68499  1.67564  1.66612  1.65653  1.64681  1.63708  1.62744  1.61795  1.60874  1.59996  1.59272  1.58716  1.57946  1.5697  1.55772  1.54354  1.52729  1.50968  1.4912
0.3  0  0  -0.00852563  -0.0166094  -0.0210332  -0.0166632  -0.00379628  0.0107379  0.0350437  0.0672749  0.106426  0.161393  0.209158  0.261629  0.32424  0.388285  0.454021  0.519206  0.583506  0.646442  0.707727  0.767183  0.824671  0.880061  1.01068  1.04824  1.0867  1.20552  1.22836  1.33208  1.34443  1.43513  1.44334  1.52239  1.58443  1.63711  1.6814  1.71845  1.74948  1.77534  1.79696  1.81511  1.82997  1.84292  1.85308  1.86257  1.86952  1.87441  1.87914  1.88178  1.8843  1.88492  1.88552  1.88449  1.8835  1.88117  1.87889  1.87648  1.87296  1.8694  1.86571  1.86181  1.85769  1.85336  1.84884  1.84414  1.81435  1.78937  1.76781  1.74869  1.73128  1.71767  1.70935  1.70201
0.4  0  0  0  -0.000629065  -0.000433146  -0.00142029  -0.0012513  0.00849346  0.0224541  0.0413957  0.0660156  0.0937647  0.129532  0.16871  0.213945  0.265887  0.325669  0.39318  0.468125  0.54986  0.637533  0.730195  0.82479  0.921955  0.940907  1.0437  1.1422  1.15573  1.25654  1.26924  1.36406  1.37836  1.46161  1.47195  1.50102  1.52035  1.541  1.56247  1.58202  1.60214  1.62227  1.63316  1.64744  1.66799  1.68052  1.69642  1.71136  1.7212  1.73371  1.74373  1.7545  1.76388  1.77331  1.78153  1.78988  1.79667  1.80371  1.8103  1.81522  1.82007  1.82452  1.82838  1.8316  1.83418  1.83619  1.83766  1.86303  1.8834  1.90081  1.91668  1.93211  1.94594  1.95565  1.96516
0.5  0  0  0  0.000608146  0.00187261  0.00389573  0.00672561  0.0106594  0.016563  0.0243387  0.0340315  0.0460243  0.0602905  0.0780924  0.099243  0.123601  0.150703  0.180438  0.212685  0.247452  0.284926  0.313258  0.356213  0.402847  0.456546  0.495051  0.550734  0.611281  0.653576  0.714249  0.774371  0.817905  0.876551  0.934814  0.977328  1.03007  1.08121  1.11918  1.16357  1.20615  1.23883  1.2813  1.31343  1.336  1.36802  1.39304  1.42019  1.45275  1.47841  1.50702  1.53119  1.55708  1.57957  1.6034  1.62402  1.64617  1.66527  1.68269  1.70177  1.71877  1.73447  1.74934  1.76364  1.77994  1.79537  1.80541  1.81722  1.82794  1.83869  1.85372  1.88273  1.90873  1.9278  1.94962
0.6  0  0  0  0  4.56129e-05  8.99318e-05  0.000262989  0.00062214  0.00095039  0.00136068  0.00191425  0.00263823  0.00376686  0.00535215  0.00769814  0.0109112  0.0151103  0.020306  0.02651  0.0298022  0.0347187  0.0529345  0.0640648  0.0757772  0.0881241  0.120646  0.138447  0.163275  0.20732  0.232126  0.269166  0.323335  0.354251  0.403243  0.465271  0.49861  0.555249  0.621188  0.655108  0.720149  0.788177  0.818514  0.856839  0.898443  0.939493  0.982099  1.02331  1.06364  1.10489  1.14479  1.18448  1.22254  1.25997  1.29576  1.33079  1.36407  1.39702  1.42896  1.4592  1.4889  1.51752  1.54552  1.60629  1.62596  1.6789  1.70035  1.75001  1.76811  1.81611  1.82959  1.83025  1.85886  1.87101  1.89823
0.7  0  0  0  0  -4.27993e-05  -0.000172421  -0.000436443  -0.000877356  -0.00153751  -0.00245314  -0.00361419  -0.00498319  -0.00652171  -0.00817959  -0.00986853  -0.0115154  -0.0130292  -0.014296  -0.0119766  -0.00466498  -0.000774278  0.00389508  0.00936156  0.023789  0.0313591  0.0401759  0.0558815  0.0672597  0.0809676  0.106734  0.123183  0.142736  0.20482  0.223832  0.247546  0.295993  0.321757  0.352415  0.454391  0.47933  0.510472  0.577717  0.638107  0.694327  0.747322  0.799143  0.849941  0.899869  0.951126  0.999649  1.05007  1.09761  1.14685  1.19289  1.24022  1.28689  1.33222  1.37607  1.41774  1.45719  1.50492  1.56775  1.59523  1.65467  1.67395  1.724  1.7385  1.78221  1.79283  1.82862  1.86095  1.86191  1.8858  1.88673
0.8  0  0  0  0  0  -3.0906e-06  -9.10491e-06  -2.58572e-05  -6.27865e-05  -0.000110815  -0.000152804  -0.000156379  -7.03788e-05  0.000167423  0.000637651  0.00143007  0.00265588  0.00444435  0.00372759  0.00339341  0.00788907  0.0135769  0.0196689  0.019984  0.0299964  0.0421587  0.0550191  0.0708821  0.089337  0.108767  0.132355  0.158643  0.160603  0.19766  0.239387  0.282428  0.330279  0.380997  0.390771  0.447618  0.506013  0.564538  0.626613  0.676931  0.728929  0.780725  0.831874  0.893346  0.936288  0.994564  1.03361  1.08901  1.12529  1.17813  1.22442  1.2665  1.30583  1.34317  1.3791  1.4139  1.4374  1.44356  1.44239  1.45562  1.47315  1.48723  1.50901  1.52951  1.55325  1.57678  1.60035  1.62428  1.64466  1.66624
0.9  0  0  0  0  0  2.90537e-06  1.44089e-05  4.32346e-05  0.000101026  0.000202719  0.000367239  0.00061716  0.000980055  0.00149733  0.00220313  0.00314924  0.00439618  0.00601639  0.00809357  0.0104826  0.0129225  0.0158028  0.0191581  0.023048  0.0269362  0.0317023  0.0374407  0.0440548  0.0518954  0.06109  0.0714653  0.0780275  0.0914791  0.101522  0.105089  0.116812  0.13174  0.149002  0.158345  0.181429  0.206271  0.232953  0.262971  0.292104  0.336219  0.382001  0.41034  0.444771  0.481005  0.518825  0.558868  0.598296  0.640235  0.666507  0.699147  0.736338  0.776711  0.819327  0.863476  0.908638  0.954497  0.999365  1.04995  1.08549  1.12063  1.16141  1.19375  1.22992  1.26162  1.29625  1.32786  1.34405  1.37885  1.41338
1  0  0  0  0  0  0  2.02764e-07  7.97902e-07  2.47202e-06  6.52252e-06  1.38243e-05  2.45597e-05  3.78905e-05  5.18283e-05  6.2982e-05  6.71438e-05  5.94883e-05  3.44783e-05  -1.40125e-05  6.30856e-05  0.000276875  0.000436626  0.000524802  0.000566194  0.000855696  0.000999161  0.000978574  0.000854062  0.000582458  0.00012864  -0.000442589  0.00441486  0.00425262  0.00488821  0.0116445  0.0120325  0.0117053  0.0109682  0.0210019  0.0229238  0.0249425  0.024123  0.0242488  0.0421103  0.0475826  0.0560916  0.0856192  0.0961224  0.129903  0.143194  0.180883  0.197306  0.23894  0.271897  0.305844  0.340994  0.377602  0.415734  0.455349  0.497039  0.539697  0.58324  0.627303  0.673625  0.718028  0.761116  0.805053  0.846853  0.88876  0.928814  0.96906  1.02529  1.05848  1.09214
1.1  0  0  0  0  0  0  -1.90586e-07  -1.12323e-06  -3.90037e-06  -1.03581e-05  -2.32835e-05  -4.66619e-05  -8.59336e-05  -0.00014905  -0.000244321  -0.000382854  -0.000577742  -0.00084448  -0.00120112  -0.00166831  -0.00226065  -0.00297645  -0.00382573  -0.00481697  -0.00595953  -0.00724408  -0.00869048  -0.0103148  -0.0121208  -0.0141222  -0.0163351  -0.0187603  -0.0212249  -0.0210246  -0.0205312  -0.0199995  -0.0188586  -0.0170713  -0.0146503  -0.0121589  -0.00832898  -0.000206751  0.00281639  0.014029  0.0195918  0.0336054  0.0388299  0.0624118  0.0688435  0.0850699  0.0939107  0.114407  0.125841  0.172457  0.197255  0.222563  0.248547  0.275371  0.329624  0.356678  0.385661  0.416472  0.448987  0.483926  0.520717  0.558099  0.596402  0.636256  0.677736  0.719999  0.76333  0.806964  0.854607  0.9003
1.2  0  0  0  0  0  0  0  -1.29531e-08  -6.37187e-08  -2.19778e-07  -6.28736e-07  -1.49378e-06  -3.03307e-06  -5.44208e-06  -8.68295e-06  -1.24526e-05  -1.59543e-05  -1.76897e-05  -1.51694e-05  -4.56315e-06  1.08478e-05  2.77743e-05  5.46299e-05  0.000103891  0.000190069  0.000314485  0.000501203  0.000780559  0.00118622  0.00176176  0.0025617  0.00364655  0.00470493  0.00337453  0.00220326  0.00120832  0.000369051  -0.000268244  -0.000662792  0.00204499  0.004674  0.00782086  0.0184086  0.0179393  0.0313786  0.0308741  0.0492176  0.0493662  0.0641437  0.0790998  0.097049  0.12333  0.152335  0.159913  0.189585  0.220773  0.253237  0.286598  0.294321  0.329072  0.364431  0.400454  0.437139  0.474467  0.512398  0.543168  0.576344  0.610159  0.644817  0.68048  0.716772  0.754482  0.791985  0.836836
1.3  0  0  0  0  0  0  0  1.21753e-08  8.32647e-08  3.28491e-07  9.77151e-07  2.43206e-06  5.34917e-06  1.08072e-05  2.02389e-05  3.57335e-05  6.0118e-05  9.71709e-05  0.000151851  0.000230569  0.000341535  0.000494695  0.000700899  0.000972699  0.00132469  0.00177398  0.00233947  0.00304349  0.00391218  0.00497554  0.00626872  0.00783293  0.00971546  0.0119492  0.0144076  0.0171366  0.0201762  0.0235562  0.0273092  0.0286526  0.0308437  0.0332709  0.0347499  0.0415488  0.0421342  0.0483511  0.0481363  0.0560345  0.0634133  0.0718422  0.0781328  0.0801362  0.0841541  0.0851561  0.0926497  0.101624  0.111989  0.124053  0.129625  0.145034  0.161808  0.179752  0.198914  0.219315  0.228482  0.258109  0.287687  0.318238  0.333279  0.363158  0.394799  0.423476  0.454966  0.479275
1.4  0  0  0  0  0  0  0  0  8.11011e-10  4.78336e-09  1.84139e-08  5.72236e-08  1.49385e-07  3.39688e-07  6.80944e-07  1.2301e-06  2.03086e-06  3.09053e-06  4.3474e-06  5.62746e-06  6.58955e-06  7.15893e-06  7.59208e-06  7.88091e-06  7.56485e-06  5.69402e-06  1.67376e-06  -5.85468e-06  -1.93266e-05  -4.23538e-05  -8.01324e-05  -0.000139878  -0.00023095  -0.000343731  -0.000347086  -0.000236453  -1.59258e-06  0.000371926  0.000900527  0.0016028  0.00216734  0.0027575  0.00342015  0.00383039  0.00487114  0.00707335  0.00845929  0.00928087  0.0104017  0.0113149  0.0151244  0.0164267  0.0164524  0.0206334  0.0206574  0.019679  0.0186452  0.017572  0.0248028  0.0258121  0.0259568  0.0265587  0.0275145  0.0287592  0.042735  0.0470702  0.0469829  0.0484276  0.067818  0.0755592  0.0839224  0.0974196  0.110655  0.127131
1.5  0  0  0  0  0  0  0  0  -7.62309e-10  -5.93486e-09  -2.62336e-08  -8.64032e-08  -2.36026e-07  -5.69852e-07  -1.24049e-06  -2.49588e-06  -4.71354e-06  -8.45041e-06  -1.4504e-05  -2.3987e-05  -3.84237e-05  -5.98711e-05  -9.10288e-05  -0.000135306  -0.000196933  -0.000281102  -0.000394123  -0.000543558  -0.000738427  -0.000989448  -0.0013093  -0.00171291  -0.00221787  -0.00284477  -0.00361644  -0.00455139  -0.00567131  -0.00699996  -0.00856274  -0.0103858  -0.0124094  -0.0146834  -0.0172196  -0.019969  -0.0230799  -0.0263221  -0.0298559  -0.0333226  -0.0351203  -0.0370194  -0.0391521  -0.0416907  -0.0435779  -0.0452063  -0.0467021  -0.0472957  -0.0478237  -0.0481125  -0.0480838  -0.0480061  -0.0458992  -0.0431001  -0.039392  -0.0345937  -0.0285594  -0.022046  -0.00887287  0.00514328  0.020225  0.0355687  0.041324  0.0605006  0.0668737  0.0902206
1.6  0  0  0  0  0  0  0  0  0  -4.99244e-11  -3.43292e-10  -1.4681e-09  -4.955e-09  -1.41799e-08  -3.50392e-08  -7.68845e-08  -1.52695e-07  -2.78519e-07  -4.71437e-07  -7.4542e-07  -1.10433e-06  -1.5309e-06  -1.99831e-06  -2.4844e-06  -2.95055e-06  -3.30649e-06  -3.36832e-06  -2.85747e-06  -1.3305e-06  1.91975e-06  7.98071e-06  1.84736e-05  3.57521e-05  6.31311e-05  0.000103955  0.000154799  0.000211905  0.000270922  0.000326859  0.000374094  0.000406316  0.000421787  0.000411945  0.000369378  0.0003068  0.000215455  2.31103e-05  -0.000187196  -0.0020582  -0.00390723  -0.00571515  -0.00748794  -0.00911446  -0.00987283  -0.0101016  -0.0102802  -0.00992756  -0.0092699  -0.00832462  -0.00706096  -0.00577957  -0.00359445  -0.000772746  0.00266761  0.00678368  0.0116646  0.017102  0.0244703  0.0331859  0.0431384  0.0652554  0.0636445  0.0899869  0.0886106
1.7  0  0  0  0  0  0  0  0  0  4.69264e-11  4.10005e-10  2.00774e-09  7.26031e-09  2.18017e-08  5.66791e-08  1.325e-07  2.84999e-07  5.73238e-07  1.09088e-06  1.98137e-06  3.4585e-06  5.8341e-06  9.55328e-06  1.52385e-05  2.37401e-05  3.61981e-05  5.41153e-05  7.94482e-05  0.000114711  0.000163102  0.000228651  0.000316397  0.0004326  0.000584987  0.000783051  0.00103833  0.00136434  0.00177681  0.00229404  0.00293681  0.00372595  0.00467903  0.00581897  0.00716968  0.00875335  0.010602  0.0127412  0.0152054  0.0179717  0.0209856  0.024308  0.0280064  0.0318494  0.0352756  0.0376583  0.0403061  0.0430112  0.0460615  0.0494944  0.0532746  0.0572561  0.060922  0.0646201  0.0684106  0.0722595  0.0761172  0.0801269  0.0826573  0.0842586  0.0850739  0.0853397  0.0974304  0.0960668  0.108182
1.8  0  0  0  0  0  0  0  0  0  0  3.03037e-12  2.37982e-11  1.12433e-10  4.15316e-10  1.27569e-09  3.39832e-09  8.05637e-09  1.73261e-08  3.42975e-08  6.31776e-08  1.09181e-07  1.78047e-07  2.74908e-07  4.03808e-07  5.68095e-07  7.69808e-07  1.00732e-06  1.2709e-06  1.53849e-06  1.76803e-06  1.88475e-06  1.76254e-06  1.19718e-06  -1.30897e-07  -2.70677e-06  -7.17793e-06  -1.3962e-05  -2.31887e-05  -3.46292e-05  -4.76121e-05  -6.08902e-05  -7.26175e-05  -8.06214e-05  -8.22466e-05  -7.44889e-05  -5.5014e-05  -2.08404e-05  3.60547e-05  0.000120029  0.000319297  0.00063877  0.00108847  0.00168415  0.00241676  0.00425843  0.00612659  0.00805719  0.0100242  0.0118261  0.0130933  0.0141505  0.0152991  0.0163449  0.0173154  0.0182399  0.0191294  0.019984  0.0208556  0.0214532  0.021739  0.0217276  0.0214895  0.0237259  0.0243719
1.9  0  0  0  0  0  0  0  0  0  0  -2.84833e-12  -2.76058e-11  -1.48527e-10  -5.91356e-10  -1.9114e-09  -5.33605e-09  -1.33333e-08  -3.05362e-08  -6.517e-08  -1.31176e-07  -2.51319e-07  -4.61667e-07  -8.17798e-07  -1.40334e-06  -2.34146e-06  -3.80983e-06  -6.05993e-06  -9.44177e-06  -1.4435e-05  -2.16878e-05  -3.20648e-05  -4.6706e-05  -6.70998e-05  -9.51697e-05  -0.000133384  -0.000184885  -0.000253642  -0.000344604  -0.000463884  -0.000618896  -0.000817862  -0.00107013  -0.00138728  -0.00178278  -0.00227201  -0.0028725  -0.00360455  -0.00449113  -0.00555835  -0.00683245  -0.00833926  -0.0101095  -0.0121786  -0.0145757  -0.0173073  -0.0203379  -0.0236762  -0.027355  -0.0311912  -0.0348103  -0.0374774  -0.0404484  -0.0435611  -0.0468497  -0.0503276  -0.0539621  -0.0576543  -0.0613696  -0.0647799  -0.067785  -0.0703361  -0.0724242  -0.0759753  -0.077755
2  0  0  0  0  0  0  0  0  0  0  0  -1.81681e-13  -1.60639e-12  -8.42246e-12  -3.34014e-11  -1.09918e-10  -3.13466e-10  -7.961e-10  -1.83563e-09  -3.8987e-09  -7.7134e-09  -1.43413e-08  -2.52236e-08  -4.21672e-08  -6.7301e-08  -1.03052e-07  -1.5208e-07  -2.17063e-07  -3.002e-07  -4.02399e-07  -5.21922e-07  -6.52109e-07  -7.77791e-07  -8.6971e-07  -8.76206e-07  -7.11079e-07  -2.40271e-07  7.10767e-07  2.34696e-06  4.88889e-06  8.541e-06  1.34653e-05  1.97792e-05  2.75315e-05  3.66811e-05  4.70756e-05  5.84777e-05  7.05172e-05  8.23987e-05  9.31041e-05  9.67262e-05  8.66365e-05  5.5189e-05  -6.47875e-06  -0.000107957  -0.000316374  -0.000641577  -0.0010932  -0.00168114  -0.00240057  -0.00422269  -0.00609759  -0.0080435  -0.0100566  -0.0119579  -0.01326  -0.0142893  -0.015283  -0.0162215  -0.0170266  -0.0176385  -0.0180168  -0.0181438  -0.0184484
2.1  0  0  0  0  0  0  0  0  0  0  0  1.70798e-13  1.82106e-12  1.08074e-11  4.63043e-11  1.60733e-10  4.79656e-10  1.27616e-09  3.10099e-09  6.99905e-09  1.48573e-08  2.99499e-08  5.77601e-08  1.07197e-07  1.9236e-07  3.35048e-07  5.6826e-07  9.41012e-07  1.52484e-06  2.42245e-06  3.77918e-06  5.79775e-06  8.75761e-06  1.30392e-05  1.91556e-05  2.7792e-05  3.98553e-05  5.65353e-05  7.93801e-05  0.000110373  0.000151886  0.000206784  0.000278785  0.000372476  0.000493448  0.000648478  0.000845726  0.00109497  0.00140786  0.00179817  0.00228197  0.00287774  0.00360672  0.0044934  0.00556529  0.00685177  0.00838148  0.0101849  0.0122964  0.0147444  0.0175336  0.0206257  0.0240452  0.0278162  0.0317825  0.0354547  0.0383052  0.0414287  0.0448056  0.0483579  0.0520228  0.0557368  0.0594025  0.0633118
2.2  0  0  0  0  0  0  0  0  0  0  0  0  1.08497e-14  1.07461e-13  6.10256e-13  2.59823e-12  9.12639e-12  2.77282e-11  7.4985e-11  1.84075e-10  4.16269e-10  8.77234e-10  1.73813e-09  3.26049e-09  5.82168e-09  9.93956e-09  1.62974e-08  2.57675e-08  3.94253e-08  5.85364e-08  8.45007e-08  1.18719e-07  1.62332e-07  2.1575e-07  2.77861e-07  3.4474e-07  4.07636e-07  4.5013e-07  4.45633e-07  3.55468e-07  1.28765e-07  -2.95365e-07  -9.8692e-07  -2.02115e-06  -3.473e-06  -5.40963e-06  -7.88074e-06  -1.09089e-05  -1.44757e-05  -1.8491e-05  -2.27693e-05  -2.67455e-05  -2.94013e-05  -2.91725e-05  -2.38363e-05  -1.04087e-05  1.80945e-05  6.96612e-05  0.00015334  0.000279444  0.000459215  0.000757157  0.00118304  0.00174753  0.00246138  0.00333006  0.00513591  0.00699945  0.00893225  0.0109443  0.0128655  0.0142291  0.0153055  0.0163199
2.3  0  0  0  0  0  0  0  0  0  0  0  0  -1.01758e-14  -1.19601e-13  -7.63749e-13  -3.51491e-12  -1.30446e-11  -4.14555e-11  -1.17037e-10  -3.00776e-10  -7.15929e-10  -1.59895e-09  -3.38363e-09  -6.83602e-09  -1.32651e-08  -2.48443e-08  -4.50931e-08  -7.95845e-08  -1.36967e-07  -2.30416e-07  -3.79661e-07  -6.13781e-07  -9.75028e-07  -1.52394e-06  -2.34626e-06  -3.56194e-06  -5.33714e-06  -7.89956e-06  -1.15585e-05  -1.6728e-05  -2.39319e-05  -3.38337e-05  -4.73188e-05  -6.55272e-05  -8.99113e-05  -0.00012231  -0.000165038  -0.000220985  -0.000293743  -0.000387741  -0.000508417  -0.000662398  -0.000857702  -0.00110397  -0.00141276  -0.00179777  -0.00227515  -0.00286351  -0.00358427  -0.00446202  -0.00552438  -0.00680086  -0.00831869  -0.0101072  -0.0121963  -0.0146121  -0.0173574  -0.0204064  -0.0237894  -0.0275372  -0.0315037  -0.0352306  -0.0381109  -0.0412355
2.4  0  0  0  0  0  0  0  0  0  0  0  0  0  -6.77973e-16  -6.99676e-15  -4.30309e-14  -1.96306e-13  -7.33857e-13  -2.36646e-12  -6.78298e-12  -1.76375e-11  -4.22406e-11  -9.42542e-11  -1.97717e-10  -3.92686e-10  -7.42633e-10  -1.34365e-09  -2.33567e-09  -3.91575e-09  -6.3529e-09  -1.00033e-08  -1.53228e-08  -2.28736e-08  -3.33151e-08  -4.73686e-08  -6.57329e-08  -8.89199e-08  -1.1696e-07  -1.48926e-07  -1.82256e-07  -2.11838e-07  -2.29373e-07  -2.22734e-07  -1.74961e-07  -6.35465e-08  1.40082e-07  4.70813e-07  9.69713e-07  1.68351e-06  2.66352e-06  3.96301e-06  5.63355e-06  7.70558e-06  1.01645e-05  1.29203e-05  1.57709e-05  1.83565e-05  1.99339e-05  1.9303e-05  1.4725e-05  3.82375e-06  -1.65e-05  -5.30378e-05  -0.000113427  -0.000206128  -0.000340774  -0.000527631  -0.000822569  -0.00123507  -0.00177565  -0.00245599  -0.00327884  -0.00505599  -0.00689571
2.5  0  0  0  0  0  0  0  0  0  0  0  0  0  6.44074e-16  7.69838e-15  5.27493e-14  2.59793e-13  1.02699e-12  3.4639e-12  1.03441e-11  2.80381e-11  7.02222e-11  1.64645e-10  3.64994e-10  7.70977e-10  1.56138e-09  3.04706e-09  5.7542e-09  1.05524e-08  1.8848e-08  3.28713e-08  5.60955e-08  9.38408e-08  1.5413e-07  2.48896e-07  3.95651e-07  6.19786e-07  9.57677e-07  1.4609e-06  2.20151e-06  3.27537e-06  4.80936e-06  6.97809e-06  1.0015e-05  1.42292e-05  2.00273e-05  2.79406e-05  3.86586e-05  5.30706e-05  7.23156e-05  9.7844e-05  0.000131492  0.000175573  0.000232979  0.000307313  0.000403033  0.000525626  0.000681808  0.000879742  0.00112928  0.00144226  0.00183278  0.00231684  0.00291254  0.00363966  0.00452225  0.00558716  0.00686287  0.0083779  0.010164  0.0122564  0.0146845  0.0174533  0.0205333
2.6  0  0  0  0  0  0  0  0  0  0  0  0  0  0  6.68655e-17  4.97817e-16  2.99866e-15  1.44777e-14  5.7356e-14  1.95661e-13  5.92553e-13  1.62618e-12  4.10772e-12  9.66155e-12  2.13533e-11  4.4669e-11  8.89653e-11  1.69527e-10  3.10383e-10  5.48035e-10  9.36276e-10  1.55214e-09  2.50299e-09  3.93439e-09  6.03806e-09  9.05843e-09  1.32948e-08  1.90942e-08  2.68278e-08  3.68339e-08  4.92806e-08  6.40398e-08  8.05804e-08  9.76872e-08  1.13162e-07  1.23482e-07  1.23413e-07  1.05598e-07  6.01412e-08  -2.5769e-08  -1.68178e-07  -3.865e-07  -7.03385e-07  -1.14341e-06  -1.73023e-06  -2.48163e-06  -3.40206e-06  -4.47168e-06  -5.62176e-06  -6.70366e-06  -7.45041e-06  -7.42895e-06  -5.98478e-06  -2.02136e-06  6.06772e-06  2.0502e-05  4.42268e-05  8.101e-05  0.00013803  0.000223497  0.000346809  0.00051874  0.000751093  0.00110005
2.7  0  0  0  0  0  0  0  0  0  0  0  0  0  0  -6.68655e-17  -5.30967e-16  -3.65702e-15  -1.88315e-14  -7.87897e-14  -2.81049e-13  -8.85307e-13  -2.52531e-12  -6.6405e-12  -1.63119e-11  -3.78093e-11  -8.33541e-11  -1.75893e-10  -3.57133e-10  -7.00743e-10  -1.33355e-09  -2.46894e-09  -4.45847e-09  -7.87048e-09  -1.36074e-08  -2.30799e-08  -3.84597e-08  -6.30445e-08  -1.01774e-07  -1.61962e-07  -2.5427e-07  -3.93564e-07  -6.00382e-07  -9.03909e-07  -1.34461e-06  -1.97805e-06  -2.8799e-06  -4.15257e-06  -5.93355e-06  -8.40623e-06  -1.18135e-05  -1.64752e-05  -2.28095e-05  -3.13603e-05  -4.28311e-05  -5.81263e-05  -7.84024e-05  -0.00010513  -0.000140172  -0.000185869  -0.000245156  -0.00032169  -0.000420001  -0.000545509  -0.00070472  -0.000905216  -0.00115646  -0.00146974  -0.00185843  -0.00233819  -0.0029271  -0.003646  -0.00451879  -0.00557234  -0.00683529
2.8  0  0  0  0  0  0  0  0  0  0  0  0  0  0  0  0  3.29058e-17  -9.7909e-17  -9.43764e-16  -4.24676e-15  -1.55681e-14  -4.99773e-14  -1.44846e-13  -3.84955e-13  -9.51424e-13  -2.20737e-12  -4.84476e-12  -1.012e-11  -2.02206e-11  -3.88116e-11  -7.18269e-11  -1.28579e-10  -2.23282e-10  -3.77055e-10  -6.20531e-10  -9.97062e-10  -1.56652e-09  -2.40944e-09  -3.63103e-09  -5.36342e-09  -7.75665e-09  -1.09713e-08  -1.51787e-08  -2.05302e-08  -2.71166e-08  -3.49113e-08  -4.36895e-08  -5.29215e-08  -6.16355e-08  -6.82479e-08  -7.03601e-08  -6.45225e-08  -4.59709e-08  -8.34589e-09  5.65436e-08  1.5883e-07  3.10454e-07  5.24644e-07  8.14807e-07  1.19205e-06  1.66096e-06  2.21303e-06  2.81654e-06  3.4045e-06  3.8497e-06  3.93737e-06  3.32718e-06  1.50942e-06  -2.24566e-06  -9.08344e-06  -2.06389e-05  -3.9123e-05  -6.74242e-05  -0.000109196
2.9  0  0  0  0  0  0  0  0  0  0  0  0  0  0  0  0  0  1.63519e-16  1.26964e-15  5.9003e-15  2.21889e-14  7.36418e-14  2.20677e-13  6.08093e-13  1.56203e-12  3.77907e-12  8.68141e-12  1.90608e-11  4.02123e-11  8.1879e-11  1.6151e-10  3.09595e-10  5.78259e-10  1.0548e-09  1.88281e-09  3.29442e-09  5.65907e-09  9.55591e-09  1.58807e-08  2.59964e-08  4.18936e-08  6.64412e-08  1.03856e-07  1.60206e-07  2.44124e-07  3.67789e-07  5.48246e-07  8.09157e-07  1.18313e-06  1.71475e-06  2.46461e-06  3.51447e-06  4.97396e-06  6.98925e-06  9.754e-06  1.35234e-05  1.86319e-05  2.55153e-05  3.47388e-05  4.70317e-05  6.33307e-05  8.48331e-05  0.000113024  0.00014975  0.000197254  0.000258406  0.000336761  0.000436692  0.00056356  0.000723897  0.000925609  0.00117821  0.0014931  0.00188383
3  0  0  0  0  0  0  0  0  0  0  0  0  0  0  0  0  0  0  -3.25329e-17  -3.25329e-17  1.93249e-16  1.09368e-15  4.01321e-15  1.24353e-14  3.48178e-14  9.02932e-14  2.19591e-13  5.04365e-13  1.10169e-12  2.3007e-12  4.61365e-12  8.91693e-12  1.66643e-11  3.01983e-11  5.31968e-11  9.12951e-11  1.52932e-10  2.50459e-10  4.0157e-10  6.30946e-10  9.7096e-10  1.46296e-09  2.16065e-09  3.13023e-09  4.44977e-09  6.20665e-09  8.49176e-09  1.13889e-08  1.49574e-08  1.92071e-08  2.40613e-08  2.93076e-08  3.45327e-08  3.9039e-08  4.17415e-08  4.10464e-08  3.47183e-08  1.97501e-08  -7.74275e-09  -5.25651e-08  -1.2034e-07  -2.17149e-07  -3.48579e-07  -5.18323e-07  -7.25786e-07  -9.63047e-07  -1.20888e-06  -1.42057e-06  -1.52266e-06  -1.39189e-06  -8.29952e-07  4.70049e-07  2.96486e-06  7.31174e-06
3.1  0  0  0  0  0  0  0  0  0  0  0  0  0  0  0  0  0  0  0  -6.47645e-17  -3.8731e-16  -1.64148e-15  -5.90849e-15  -1.86857e-14  -5.39541e-14  -1.44944e-13  -3.65727e-13  -8.74423e-13  -1.99528e-12  -4.36884e-12  -9.22112e-12  -1.88327e-11  -3.73383e-11  -7.20606e-11  -1.35697e-10  -2.49841e-10  -4.50562e-10  -7.97097e-10  -1.38526e-09  -2.36735e-09  -3.97619e-09  -6.56195e-09  -1.06581e-08  -1.70612e-08  -2.69466e-08  -4.20317e-08  -6.48027e-08  -9.88281e-08  -1.49186e-07  -2.23044e-07  -3.30447e-07  -4.85367e-07  -7.07109e-07  -1.02217e-06  -1.46668e-06  -2.08965e-06  -2.95708e-06  -4.15746e-06  -5.80869e-06  -8.06714e-06  -1.11391e-05  -1.52955e-05  -2.08828e-05  -2.83445e-05  -3.82358e-05  -5.12829e-05  -6.84102e-05  -9.07882e-05  -0.000119893  -0.000157578  -0.000206161  -0.000268523  -0.000348233  -0.00044969
3.2  0  0  0  0  0  0  0  0  0  0  0  0  0  0  0  0  0  0  0  0  0  -3.21581e-17  -9.63237e-17  -3.52508e-16  -1.08793e-15  -3.06806e-15  -8.26933e-15  -2.11223e-14  -5.07142e-14  -1.15521e-13  -2.51445e-13  -5.25327e-13  -1.05734e-12  -2.05692e-12  -3.87845e-12  -7.10585e-12  -1.26786e-11  -2.20719e-11  -3.75547e-11  -6.25322e-11  -1.01867e-10  -1.62344e-10  -2.53539e-10  -3.88529e-10  -5.84754e-10  -8.64922e-10  -1.25784e-09  -1.79895e-09  -2.53032e-09  -3.49971e-09  -4.75812e-09  -6.35521e-09  -8.33175e-09  -1.07079e-08  -1.34662e-08  -1.65276e-08  -1.97196e-08  -2.27343e-08  -2.50771e-08  -2.60052e-08  -2.446e-08  -1.8999e-08  -7.75783e-09  1.15393e-08  4.14682e-08  8.47901e-08  1.44048e-07  2.20858e-07  3.1473e-07  4.21235e-07  5.29272e-07  6.16741e-07  6.44207e-07  5.46032e-07
3.3  0  0  0  0  0  0  0  0  0  0  0  0  0  0  0  0  0  0  0  0  0  0  6.41656e-17  3.84397e-16  1.4076e-15  4.53747e-15  1.28659e-14  3.41386e-14  8.52868e-14  2.02334e-13  4.59441e-13  1.00439e-12  2.12205e-12  4.34779e-12  8.66277e-12  1.6826e-11  3.19281e-11  5.92948e-11  1.07947e-10  1.92881e-10  3.38102e-10  5.81306e-10  9.8211e-10  1.63298e-09  2.67547e-09  4.32394e-09  6.89962e-09  1.08793e-08  1.69637e-08  2.61745e-08  3.99877e-08  6.05199e-08  9.07832e-08  1.35034e-07  1.99244e-07  2.91739e-07  4.24051e-07  6.12059e-07  8.77495e-07  1.24995e-06  1.76947e-06  2.49006e-06  3.4827e-06  4.84073e-06  6.68432e-06  9.1739e-06  1.25188e-05  1.69906e-05  2.29409e-05  3.08219e-05  4.12136e-05  5.48568e-05  7.26933e-05  9.59161e-05
3.4  0  0  0  0  0  0  0  0  0  0  0  0  0  0  0  0  0  0  0  0  0  0  0  0  0  0  1.91458e-16  7.01749e-16  1.91349e-15  4.81574e-15  1.16439e-14  2.64906e-14  5.76164e-14  1.20476e-13  2.43368e-13  4.7643e-13  9.05797e-13  1.67629e-12  3.02545e-12  5.33364e-12  9.18312e-12  1.54432e-11  2.54188e-11  4.10168e-11  6.49708e-11  1.01128e-10  1.54805e-10  2.3321e-10  3.45916e-10  5.05365e-10  7.27353e-10  1.0314e-09  1.44092e-09  1.98292e-09  2.68714e-09  3.58408e-09  4.70167e-09  6.05994e-09  7.66303e-09  9.48795e-09  1.14692e-08  1.34787e-08  1.52982e-08  1.65953e-08  1.68972e-08  1.55715e-08  1.18033e-08  4.5993e-09  -7.16705e-09  -2.46414e-08  -4.8763e-08  -7.98706e-08  -1.17038e-07  -1.57006e-07
3.5  0  0  0  0  0  0  0  0  0  0  0  0  0  0  0  0  0  0  0  0  0  0  0  0  0  -6.3875e-17  -3.19152e-16  -1.0527e-15  -3.02974e-15  -7.90935e-15  -1.9715e-14  -4.67264e-14  -1.05942e-13  -2.31597e-13  -4.90224e-13  -1.00789e-12  -2.01787e-12  -3.94331e-12  -7.53589e-12  -1.41046e-11  -2.58452e-11  -4.63615e-11  -8.15795e-11  -1.41056e-10  -2.39986e-10  -4.02231e-10  -6.64833e-10  -1.08468e-09  -1.74821e-09  -2.78553e-09  -4.39067e-09  -6.85044e-09  -1.05854e-08  -1.62072e-08  -2.4599e-08  -3.7027e-08  -5.52934e-08  -8.1947e-08  -1.2057e-07  -1.76165e-07  -2.55684e-07  -3.68728e-07  -5.28276e-07  -7.51818e-07  -1.06249e-06  -1.4918e-06  -2.08183e-06  -2.88852e-06  -3.98584e-06  -5.47127e-06  -7.47268e-06  -1.01571e-05  -1.37419e-05  -1.85087e-05
3.6  0  0  0  0  0  0  0  0  0  0  0  0  0  0  0  0  0  0  0  0  0  0  0  0  0  0  0  -3.18932e-17  -6.37811e-17  -2.23245e-16  -5.10409e-16  -1.11705e-15  -2.68293e-15  -6.04183e-15  -1.3088e-14  -2.7488e-14  -5.59776e-14  -1.10471e-13  -2.11964e-13  -3.96101e-13  -7.21046e-13  -1.27932e-12  -2.21757e-12  -3.76281e-12  -6.25998e-12  -1.0224e-11  -1.64112e-11  -2.59141e-11  -4.02854e-11  -6.16951e-11  -9.3125e-11  -1.38602e-10  -2.03465e-10  -2.94661e-10  -4.21036e-10  -5.93604e-10  -8.25715e-10  -1.13305e-09  -1.53334e-09  -2.04559e-09  -2.68864e-09  -3.47883e-09  -4.42503e-09  -5.5239e-09  -6.752e-09  -8.06143e-09  -9.36675e-09  -1.05328e-08  -1.13617e-08  -1.15821e-08  -1.08432e-08  -8.72063e-09  -4.74396e-09  1.53847e-09
3.7  0  0  0  0  0  0  0  0  0  0  0  0  0  0  0  0  0  0  0  0  0  0  0  0  0  0  0  0  3.18879e-17  1.91352e-16  5.74238e-16  1.62787e-15  4.3442e-15  1.05182e-14  2.40981e-14  5.31547e-14  1.13185e-13  2.34042e-13  4.71376e-13  9.26781e-13  1.77934e-12  3.33655e-12  6.12501e-12  1.1029e-11  1.95101e-11  3.39511e-11  5.8187e-11  9.83161e-11  1.63926e-10  2.69928e-10  4.3928e-10  7.06991e-10  1.12596e-09  1.77546e-09  2.77326e-09  4.29301e-09  6.58877e-09  1.00297e-08  1.51484e-08  2.27083e-08  3.37974e-08  4.99564e-08  7.33232e-08  1.06852e-07  1.54553e-07  2.22e-07  3.16811e-07  4.4934e-07  6.33595e-07  8.8844e-07  1.23917e-06  1.71955e-06  2.37446e-06  3.26335e-06
3.8  0  0  0  0  0  0  0  0  0  0  0  0  0  0  0  0  0  0  0  0  0  0  0  0  0  0  0  0  0  0  3.19071e-17  3.19071e-17  6.38639e-17  2.23812e-16  5.7612e-16  1.28169e-15  2.85552e-15  6.13669e-15  1.27418e-14  2.55488e-14  4.9483e-14  9.29316e-14  1.69973e-13  3.0345e-13  5.30186e-13  9.08011e-13  1.52648e-12  2.52209e-12  4.09919e-12  6.55974e-12  1.03429e-11  1.60778e-11  2.4653e-11  3.73042e-11  5.57239e-11  8.21942e-11  1.19742e-10  1.72314e-10  2.4496e-10  3.44018e-10  4.77263e-10  6.53987e-10  8.84644e-10  1.18058e-09  1.55304e-09  2.01333e-09  2.57074e-09  3.23042e-09  3.99038e-09  4.83771e-09  5.74392e-09  6.65977e-09  7.51005e-09  8.1897e-09
3.9  0  0  0  0  0  0  0  0  0  0  0  0  0  0  0  0  0  0  0  0  0  0  0  0  0  0  0  0  0  0  0  0  -6.39135e-17  -3.1983e-16  -8.64307e-16  -2.2113e-15  -5.29473e-15  -1.20179e-14  -2.60981e-14  -5.44541e-14  -1.10204e-13  -2.16795e-13  -4.16258e-13  -7.82026e-13  -1.44076e-12  -2.60674e-12  -4.63796e-12  -8.12495e-12  -1.40283e-11  -2.38934e-11  -4.01788e-11  -6.67539e-11  -1.09649e-10  -1.78175e-10  -2.86577e-10  -4.56463e-10  -7.20346e-10  -1.12676e-09  -1.74764e-09  -2.68881e-09  -4.10494e-09  -6.22066e-09  -9.3559e-09  -1.39639e-08  -2.06754e-08  -3.03863e-08  -4.43487e-08  -6.43032e-08  -9.26569e-08  -1.32722e-07  -1.89037e-07  -2.67789e-07  -3.77375e-07  -5.29148e-07
4  0  0  0  0  0  0  0  0  0  0  0  0  0  0  0  0  0  0  0  0  0  0  0  0  0  0  0  0  0  0  0  0  0  0  -3.20281e-17  -6.40994e-17  -1.60456e-16  -2.8913e-16  -5.79112e-16  -1.41786e-15  -2.89766e-15  -5.83899e-15  -1.13442e-14  -2.15239e-14  -3.96147e-14  -7.12711e-14  -1.25788e-13  -2.17483e-13  -3.69471e-13  -6.17224e-13  -1.01497e-12  -1.64443e-12  -2.6268e-12  -4.13968e-12  -6.43913e-12  -9.89042e-12  -1.50068e-11  -2.24994e-11  -3.33412e-11  -4.88436e-11  -7.07494e-11  -1.0134e-10  -1.43494e-10  -2.00795e-10  -2.77532e-10  -3.78979e-10  -5.11325e-10  -6.8161e-10  -8.97554e-10  -1.1672e-09  -1.49834e-09  -1.89764e-09  -2.36945e-09  -2.91422e-09
4.1  0  0  0  0  0  0  0  0  0  0  0  0  0  0  0  0  0  0  0  0  0  0  0  0  0  0  0  0  0  0  0  0  0  0  0  3.20713e-17  1.60547e-16  4.50063e-16  1.12669e-15  2.73966e-15  5.92445e-15  1.24465e-14  2.52709e-14  4.99747e-14  9.63403e-14  1.81904e-13  3.36852e-13  6.13007e-13  1.09763e-12  1.93618e-12  3.36778e-12  5.78142e-12  9.80265e-12  1.64273e-11  2.72252e-11  4.46478e-11  7.24899e-11  1.16575e-10  1.85769e-10  2.93467e-10  4.59757e-10  7.1456e-10  1.10162e-09  1.68445e-09  2.55373e-09  3.84106e-09  5.73458e-09  8.50174e-09  1.25207e-08  1.83231e-08  2.66529e-08  3.85461e-08  5.54382e-08  7.93093e-08
4.2  0  0  0  0  0  0  0  0  0  0  0  0  0  0  0  0  0  0  0  0  0  0  0  0  0  0  0  0  0  0  0  0  0  0  0  0  0  0  0  6.45188e-17  1.61028e-16  3.52854e-16  7.02899e-16  1.33714e-15  2.60223e-15  4.87468e-15  9.09738e-15  1.65891e-14  2.96113e-14  5.16826e-14  8.87756e-14  1.4998e-13  2.49462e-13  4.09026e-13  6.61409e-13  1.05565e-12  1.66384e-12  2.5909e-12  3.98736e-12  6.06682e-12  9.12858e-12  1.35875e-11  2.00017e-11  2.91139e-11  4.18857e-11  5.95875e-11  8.38499e-11  1.16734e-10  1.60804e-10  2.19191e-10  2.95649e-10  3.9457e-10  5.2097e-10  6.8039e-10
4.3  0  0  0  0  0  0  0  0  0  0  0  0  0  0  0  0  0  0  0  0  0  0  0  0  0  0  0  0  0  0  0  0  0  0  0  0  0  0  0  -6.45188e-17  -1.93197e-16  -5.12907e-16  -1.24482e-15  -2.70358e-15  -5.58166e-15  -1.11996e-14  -2.18509e-14  -4.1745e-14  -7.80749e-14  -1.43283e-13  -2.58554e-13  -4.59646e-13  -8.05695e-13  -1.39403e-12  -2.38283e-12  -4.02669e-12  -6.73106e-12  -1.11362e-11  -1.82436e-11  -2.9608e-11  -4.76225e-11  -7.59447e-11  -1.20063e-10  -1.88151e-10  -2.92176e-10  -4.49892e-10  -6.87276e-10  -1.04209e-09  -1.56892e-09  -2.34621e-09  -3.48608e-09  -5.14795e-09  -7.55734e-09  -1.10318e-08
4.4  0  0  0  0  0  0  0  0  0  0  0  0  0  0  0  0  0  0  0  0  0  0  0  0  0  0  0  0  0  0  0  0  0  0  0  0  0  0  0  0  0  0  3.18223e-17  3.18223e-17  -3.14323e-17  -1.89241e-16  -4.72855e-16  -1.00798e-15  -1.95161e-15  -3.58653e-15  -6.69856e-15  -1.18854e-14  -2.08463e-14  -3.57867e-14  -6.0553e-14  -1.00607e-13  -1.64984e-13  -2.66687e-13  -4.25637e-13  -6.7136e-13  -1.04705e-12  -1.615e-12  -2.46345e-12  -3.71551e-12  -5.53915e-12  -8.16725e-12  -1.19155e-11  -1.72066e-11  -2.46001e-11  -3.48283e-11  -4.88369e-11  -6.78318e-11  -9.33297e-11  -1.2721e-10
4.5  0  0  0  0  0  0  0  0  0  0  0  0  0  0  0  0  0  0  0  0  0  0  0  0  0  0  0  0  0  0  0  0  0  0  0  0  0  0  0  0  0  0  0  6.34243e-17  1.89933e-16  5.05551e-16  1.10429e-15  2.33193e-15  4.75392e-15  9.24994e-15  1.77687e-14  3.30463e-14  6.03379e-14  1.08304e-13  1.91666e-13  3.34531e-13  5.76945e-13  9.83316e-13  1.65778e-12  2.76638e-12  4.57156e-12  7.48499e-12  1.21412e-11  1.95093e-11  3.10451e-11  4.89576e-11  7.65549e-11  1.18758e-10  1.82838e-10  2.79478e-10  4.2428e-10  6.39898e-10  9.59053e-10  1.42876e-09
4.6  0  0  0  0  0  0  0  0  0  0  0  0  0  0  0  0  0  0  0  0  0  0  0  0  0  0  0  0  0  0  0  0  0  0  0  0  0  0  0  0  0  0  0  0  0  0  0  3.14779e-17  9.43869e-17  1.88709e-16  3.45882e-16  7.23107e-16  1.44627e-15  2.67295e-15  4.81286e-15  8.43406e-15  1.44527e-14  2.44495e-14  4.06728e-14  6.66731e-14  1.07879e-13  1.7243e-13  2.72167e-13  4.24648e-13  6.54609e-13  9.978e-13  1.50483e-12  2.24632e-12  3.32016e-12  4.86042e-12  7.04915e-12  1.01307e-11  1.44296e-11  2.03729e-11
4.7  0  0  0  0  0  0  0  0  0  0  0  0  0  0  0  0  0  0  0  0  0  0  0  0  0  0  0  0  0  0  0  0  0  0  0  0  0  0  0  0  0  0  0  0  0  0  0  -6.29557e-17  -1.88774e-16  -4.40299e-16  -9.1182e-16  -1.91775e-15  -3.77282e-15  -7.29561e-15  -1.36524e-14  -2.49253e-14  -4.48403e-14  -7.94351e-14  -1.38584e-13  -2.38667e-13  -4.06242e-13  -6.84108e-13  -1.14003e-12  -1.88031e-12  -3.06861e-12  -4.95922e-12  -7.94201e-12  -1.26106e-11  -1.98623e-11  -3.10449e-11  -4.81696e-11  -7.42204e-11  -1.13598e-10  -1.72759e-10
4.8  0  0  0  0  0  0  0  0  0  0  0  0  0  0  0  0  0  0  0  0  0  0  0  0  0  0  0  0  0  0  0  0  0  0  0  0  0  0  0  0  0  0  0  0  0  0  0  0  0  0  -3.14347e-17  -6.28701e-17  -1.57196e-16  -1.88649e-16  -3.45995e-16  -6.60882e-16  -1.13355e-15  -1.92194e-15  -3.37383e-15  -5.80642e-15  -9.91752e-15  -1.65341e-14  -2.70427e-14  -4.36058e-14  -6.95035e-14  -1.09483e-13  -1.70697e-13  -2.632e-13  -4.0164e-13  -6.06891e-13  -9.08433e-13  -1.34719e-12  -1.98011e-12  -2.8852e-12
4.9  0  0  0  0  0  0  0  0  0  0  0  0  0  0  0  0  0  0  0  0  0  0  0  0  0  0  0  0  0  0  0  0  0  0  0  0  0  0  0  0  0  0  0  0  0  0  0  0  0  0  0  3.14354e-17  1.25761e-16  2.83028e-16  6.60659e-16  1.44788e-15  2.86587e-15  5.45181e-15  1.01862e-14  1.84633e-14  3.28838e-14  5.74191e-14  9.87888e-14  1.67823e-13  2.8159e-13  4.67219e-13  7.67421e-13  1.24864e-12  2.01373e-12  3.22061e-12  5.11033e-12  8.0482e-12  1.25847e-11  1.95442e-11
5  0  0  0  0  0  0  0  0  0  0  0  0  0  0  0  0  0  0  0  0  0  0  0  0  0  0  0  0  0  0  0  0  0  0  0  0  0  0  0  0  0  0  0  0  0  0  0  0  0  0  0  0  0  0  0  0  0  3.15358e-17  9.46614e-17  2.2103e-16  5.37268e-16  1.10712e-15  2.08835e-15  3.73201e-15  6.37849e-15  1.06216e-14  1.72733e-14  2.76453e-14  4.37059e-14  6.82672e-14  1.05487e-13  1.61402e-13  2.44622e-13  3.67303e-13
5.1  0  0  0  0  0  0  0  0  0  0  0  0  0  0  0  0  0  0  0  0  0  0  0  0  0  0  0  0  0  0  0  0  0  0  0  0  0  0  0  0  0  0  0  0  0  0  0  0  0  0  0  0  0  0  0  -6.29774e-17  -1.25999e-16  -2.52143e-16  -5.67771e-16  -1.07324e-15  -2.14845e-15  -4.07961e-15  -7.52973e-15  -1.35354e-14  -2.37118e-14  -4.07157e-14  -6.87969e-14  -1.14954e-13  -1.90154e-13  -3.11709e-13  -5.0644e-13  -8.161e-13  -1.30488e-12  -2.07087e-12
5.2  0  0  0  0  0  0  0  0  0  0  0  0  0  0  0  0  0  0  0  0  0  0  0  0  0  0  0  0  0  0  0  0  0  0  0  0  0  0  0  0  0  0  0  0  0  0  0  0  0  0  0  0  0  0  0  0  0  0  0  -6.31841e-17  -9.4808e-17  -1.58125e-16  -2.2143e-16  -3.16256e-16  -4.42279e-16  -7.56585e-16  -1.47822e-15  -2.57497e-15  -4.29687e-15  -6.92508e-15  -1.11162e-14  -1.75896e-14  -2.74721e-14  -4.24241e-14
5.3  0  0  0  0  0  0  0  0  0  0  0  0  0  0  0  0  0  0  0  0  0  0  0  0  0  0  0  0  0  0  0  0  0  0  0  0  0  0  0  0  0  0  0  0  0  0  0  0  0  0  0  0  0  0  0  0  0  0  0  3.15921e-17  6.32159e-17  1.89849e-16  4.11417e-16  8.22332e-16  1.57847e-15  2.92999e-15  5.34591e-15  9.38821e-15  1.61819e-14  2.75082e-14  4.62118e-14  7.664e-14  1.25834e-13  2.0466e-13
5.4  0  0  0  0  0  0  0  0  0  0  0  0  0  0  0  0  0  0  0  0  0  0  0  0  0  0  0  0  0  0  0  0  0  0  0  0  0  0  0  0  0  0  0  0  0  0  0  0  0  0  0  0  0  0  0  0  0  0  0  0  0  0  0  0  3.15058e-17  3.15058e-17  6.28814e-17  1.56888e-16  3.13424e-16  5.6373e-16  9.70331e-16  1.59578e-15  2.62782e-15  4.25439e-15
5.5  0  0  0  0  0  0  0  0  0  0  0  0  0  0  0  0  0  0  0  0  0  0  0  0  0  0  0  0  0  0  0  0  0  0  0  0  0  0  0  0  0  0  0  0  0  0  0  0  0  0  0  0  0  0  0  0  0  0  0  0  0  0  0  0  -6.30115e-17  -1.25873e-16  -2.51375e-16  -5.33396e-16  -1.03431e-15  -1.97296e-15  -3.56808e-15  -6.19498e-15  -1.0761e-14  -1.82995e-14
5.6  0  0  0  0  0  0  0  0  0  0  0  0  0  0  0  0  0  0  0  0  0  0  0  0  0  0  0  0  0  0  0  0  0  0  0  0  0  0  0  0  0  0  0  0  0  0  0  0  0  0  0  0  0  0  0  0  0  0  0  0  0  0  0  0  0  0  0  0  -3.13072e-17  -6.25954e-17  -1.56426e-16  -2.81517e-16  -3.75338e-16  -5.31739e-16
5.7  0  0  0  0  0  0  0  0  0  0  0  0  0  0  0  0  0  0  0  0  0  0  0  0  0  0  0  0  0  0  0  0  0  0  0  0  0  0  0  0  0  0  0  0  0  0  0  0  0  0  0  0  0  0  0  0  0  0  0  0  0  0  0  0  0  0  0  0  0  3.12882e-17  1.25119e-16  2.81482e-16  5.9422e-16  1.21982e-15
5.8  0  0  0  0  0  0  0  0  0  0  0  0  0  0  0  0  0  0  0  0  0  0  0  0  0  0  0  0  0  0  0  0  0  0  0  0  0  0  0  0  0  0  0  0  0  0  0  0  0  0  0  0  0  0  0  0  0  0  0  0  0  0  0  0  0  0  0  0  0  0  0  0  0  0
5.9  0  0  0  0  0  0  0  0  0  0  0  0  0  0  0  0  0  0  0  0  0  0  0  0  0  0  0  0  0  0  0  0  0  0  0  0  0  0  0  0  0  0  0  0  0  0  0  0  0  0  0  0  0  0  0  0  0  0  0  0  0  0  0  0  0  0  0  0  0  0  0  0  0  -6.25603e-17
6  0  0  0  0  0  0  0  0  0  0  0  0  0  0  0  0  0  0  0  0  0  0  0  0  0  0  0  0  0  0  0  0  0  0  0  0  0  0  0  0  0  0  0  0  0  0  0  0  0  0  0  0  0  0  0  0  0  0  0  0  0  0  0  0  0  0  0  0  0  0  0  0  0  0
6.1  0  0  0  0  0  0  0  0  0  0  0  0  0  0  0  0  0  0  0  0  0  0  0  0  0  0  0  0  0  0  0  0  0  0  0  0  0  0  0  0  0  0  0  0  0  0  0  0  0  0  0  0  0  0  0  0  0  0  0  0  0  0  0  0  0  0  0  0  0  0  0  0  0  0
6.2  0  0  0  0  0  0  0  0  0  0  0  0  0  0  0  0  0  0  0  0  0  0  0  0  0  0  0  0  0  0  0  0  0  0  0  0  0  0  0  0  0  0  0  0  0  0  0  0  0  0  0  0  0  0  0  0  0  0  0  0  0  0  0  0  0  0  0  0  0  0  0  0  0  0
6.3  0  0  0  0  0  0  0  0  0  0  0  0  0  0  0  0  0  0  0  0  0  0  0  0  0  0  0  0  0  0  0  0  0  0  0  0  0  0  0  0  0  0  0  0  0  0  0  0  0  0  0  0  0  0  0  0  0  0  0  0  0  0  0  0  0  0  0  0  0  0  0  0  0  0
6.4  0  0  0  0  0  0  0  0  0  0  0  0  0  0  0  0  0  0  0  0  0  0  0  0  0  0  0  0  0  0  0  0  0  0  0  0  0  0  0  0  0  0  0  0  0  0  0  0  0  0  0  0  0  0  0  0  0  0  0  0  0  0  0  0  0  0  0  0  0  0  0  0  0  0
6.5  0  0  0  0  0  0  0  0  0  0  0  0  0  0  0  0  0  0  0  0  0  0  0  0  0  0  0  0  0  0  0  0  0  0  0  0  0  0  0  0  0  0  0  0  0  0  0  0  0  0  0  0  0  0  0  0  0  0  0  0  0  0  0  0  0  0  0  0  0  0  0  0  0  0
6.6  0  0  0  0  0  0  0  0  0  0  0  0  0  0  0  0  0  0  0  0  0  0  0  0  0  0  0  0  0  0  0  0  0  0  0  0  0  0  0  0  0  0  0  0  0  0  0  0  0  0  0  0  0  0  0  0  0  0  0  0  0  0  0  0  0  0  0  0  0  0  0  0  0  0
6.7  0  0  0  0  0  0  0  0  0  0  0  0  0  0  0  0  0  0  0  0  0  0  0  0  0  0  0  0  0  0  0  0  0  0  0  0  0  0  0  0  0  0  0  0  0  0  0  0  0  0  0  0  0  0  0  0  0  0  0  0  0  0  0  0  0  0  0  0  0  0  0  0  0  0
6.8  0  0  0  0  0  0  0  0  0  0  0  0  0  0  0  0  0  0  0  0  0  0  0  0  0  0  0  0  0  0  0  0  0  0  0  0  0  0  0  0  0  0  0  0  0  0  0  0  0  0  0  0  0  0  0  0  0  0  0  0  0  0  0  0  0  0  0  0  0  0  0  0  0  0
6.9  0  0  0  0  0  0  0  0  0  0  0  0  0  0  0  0  0  0  0  0  0  0  0  0  0  0  0  0  0  0  0  0  0  0  0  0  0  0  0  0  0  0  0  0  0  0  0  0  0  0  0  0  0  0  0  0  0  0  0  0  0  0  0  0  0  0  0  0  0  0  0  0  0  0
7  0  0  0  0  0  0  0  0  0  0  0  0  0  0  0  0  0  0  0  0  0  0  0  0  0  0  0  0  0  0  0  0  0  0  0  0  0  0  0  0  0  0  0  0  0  0  0  0  0  0  0  0  0  0  0  0  0  0  0  0  0  0  0  0  0  0  0  0  0  0  0  0  0  0
7.1  0  0  0  0  0  0  0  0  0  0  0  0  0  0  0  0  0  0  0  0  0  0  0  0  0  0  0  0  0  0  0  0  0  0  0  0  0  0  0  0  0  0  0  0  0  0  0  0  0  0  0  0  0  0  0  0  0  0  0  0  0  0  0  0  0  0  0  0  0  0  0  0  0  0
7.2  0  0  0  0  0  0  0  0  0  0  0  0  0  0  0  0  0  0  0  0  0  0  0  0  0  0  0  0  0  0  0  0  0  0  0  0  0  0  0  0  0  0  0  0  0  0  0  0  0  0  0  0  0  0  0  0  0  0  0  0  0  0  0  0  0  0  0  0  0  0  0  0  0  0
7.3  0  0  0  0  0  0  0  0  0  0  0  0  0  0  0  0  0  0  0  0  0  0  0  0  0  0  0  0  0  0  0  0  0  0  0  0  0  0  0  0  0  0  0  0  0  0  0  0  0  0  0  0  0  0  0  0  0  0  0  0  0  0  0  0  0  0  0  0  0  0  0  0  0  0
7.4  0  0  0  0  0  0  0  0  0  0  0  0  0  0  0  0  0  0  0  0  0  0  0  0  0  0  0  0  0  0  0  0  0  0  0  0  0  0  0  0  0  0  0  0  0  0  0  0  0  0  0  0  0  0  0  0  0  0  0  0  0  0  0  0  0  0  0  0  0  0  0  0  0  0
7.5  0  0  0  0  0  0  0  0  0  0  0  0  0  0  0  0  0  0  0  0  0  0  0  0  0  0  0  0  0  0  0  0  0  0  0  0  0  0  0  0  0  0  0  0  0  0  0  0  0  0  0  0  0  0  0  0  0  0  0  0  0  0  0  0  0  0  0  0  0  0  0  0  0  0
7.6  0  0  0  0  0  0  0  0  0  0  0  0  0  0  0  0  0  0  0  0  0  0  0  0  0  0  0  0  0  0  0  0  0  0  0  0  0  0  0  0  0  0  0  0  0  0  0  0  0  0  0  0  0  0  0  0  0  0  0  0  0  0  0  0  0  0  0  0  0  0  0  0  0  0
7.7  0  0  0  0  0  0  0  0  0  0  0  0  0  0  0  0  0  0  0  0  0  0  0  0  0  0  0  0  0  0  0  0  0  0  0  0  0  0  0  0  0  0  0  0  0  0  0  0  0  0  0  0  0  0  0  0  0  0  0  0  0  0  0  0  0  0  0  0  0  0  0  0  0  0
7.8  0  0  0  0  0  0  0  0  0  0  0  0  0  0  0  0  0  0  0  0  0  0  0  0  0  0  0  0  0  0  0  0  0  0  0  0  0  0  0  0  0  0  0  0  0  0  0  0  0  0  0  0  0  0  0  0  0  0  0  0  0  0  0  0  0  0  0  0  0  0  0  0  0  0
7.9  0  0  0  0  0  0  0  0  0  0  0  0  0  0  0  0  0  0  0  0  0  0  0  0  0  0  0  0  0  0  0  0  0  0  0  0  0  0  0  0  0  0  0  0  0  0  0  0  0  0  0  0  0  0  0  0  0  0  0  0  0  0  0  0  0  0  0  0  0  0  0  0  0  0
