-10  0  0  0  0  0  0  0  0  0  0  0  0  0  0  0  0  0  0  0  0  0  0  0  0  0  0  0  0  0  0  0  0  0  0  0  0  0  0  0  0  0  0  0  0  0  0  0  0  0  0  0  0  0  0  0  0  0  0  0  0  0  0  0  0  0  0  0  0  0  0  0  0  0  0
-9.9  0  0  0  0  0  0  0  0  0  0  0  0  0  0  0  0  0  0  0  0  0  0  0  0  0  0  0  0  0  0  0  0  0  0  0  0  0  0  0  0  0  0  0  0  0  0  0  0  0  0  0  0  0  0  0  0  0  0  0  0  0  0  0  0  0  0  0  0  0  0  0  0  0  0
-9.8  0  0  0  0  0  0  0  0  0  0  0  0  0  0  0  0  0  0  0  0  0  0  0  0  0  0  0  0  0  0  0  0  0  0  0  0  0  0  0  0  0  0  0  0  0  0  0  0  0  0  0  0  0  0  0  0  0  0  0  0  0  0  0  0  0  0  0  0  0  0  0  0  0  0
-9.7  0  0  0  0  0  0  0  0  0  0  0  0  0  0  0  0  0  0  0  0  0  0  0  0  0  0  0  0  0  0  0  0  0  0  0  0  0  0  0  0  0  0  0  0  0  0  0  0  0  0  0  0  0  0  0  0  0  0  0  0  0  0  0  0  0  0  0  0  0  0  0  0  0  0
-9.6  0  0  0  0  0  0  0  0  0  0  0  0  0  0  0  0  0  0  0  0  0  0  0  0  0  0  0  0  0  0  0  0  0  0  0  0  0  0  0  0  0  0  0  0  0  0  0  0  0  0  0  0  0  0  0  0  0  0  0  0  0  0  0  0  0  0  0  0  0  0  0  0  0  0
-9.5  0  0  0  0  0  0  0  0  0  0  0  0  0  0  0  0  0  0  0  0  0  0  0  0  0  0  0  0  0  0  0  0  0  0  0  0  0  0  0  0  0  0  0  0  0  0  0  0  0  0  0  0  0  0  0  0  0  0  0  0  0  0  0  0  0  0  0  0  0  0  0  0  0  0
-9.4  0  0  0  0  0  0  0  0  0  0  0  0  0  0  0  0  0  0  0  0  0  0  0  0  0  0  0  0  0  0  0  0  0  0  0  0  0  0  0  0  0  0  0  0  0  0  0  0  0  0  0  0  0  0  0  0  0  0  0  0  0  0  0  0  0  0  0  0  0  0  0  0  0  0
-9.3  0  0  0  0  0  0  0  0  0  0  0  0  0  0  0  0  0  0  0  0  0  0  0  0  0  0  0  0  0  0  0  0  0  0  0  0  0  0  0  0  0  0  0  0  0  0  0  0  0  0  0  0  0  0  0  0  0  0  0  0  0  0  0  0  0  0  0  0  0  0  0  0  0  0
-9.2  0  0  0  0  0  0  0  0  0  0  0  0  0  0  0  0  0  0  0  0  0  0  0  0  0  0  0  0  0  0  0  0  0  0  0  0  0  0  0  0  0  0  0  0  0  0  0  0  0  0  0  0  0  0  0  0  0  0  0  0  0  0  0  0  0  0  0  0  0  0  0  0  0  0
-9.1  0  0  0  0  0  0  0  0  0  0  0  0  0  0  0  0  0  0  0  0  0  0  0  0  0  0  0  0  0  0  0  0  0  0  0  0  0  0  0  0  0  0  0  0  0  0  0  0  0  0  0  0  0  0  0  0  0  0  0  0  0  0  0  0  0  0  0  0  0  0  0  0  0  0
-9  0  0  0  0  0  0  0  0  0  0  0  0  0  0  0  0  0  0  0  0  0  0  0  0  0  0  0  0  0  0  0  0  0  0  0  0  0  0  0  0  0  0  0  0  0  0  0  0  0  0  0  0  0  0  0  0  0  0  0  0  0  0  0  0  0  0  0  0  0  0  0  0  0  0
-8.9  0  0  0  0  0  0  0  0  0  0  0  0  0  0  0  0  0  0  0  0  0  0  0  0  0  0  0  0  0  0  0  0  0  0  0  0  0  0  0  0  0  0  0  0  0  0  0  0  0  0  0  0  0  0  0  0  0  0  0  0  0  0  0  0  0  0  0  0  0  0  0  0  0  0
-8.8  0  0  0  0  0  0  0  0  0  0  0  0  0  0  0  0  0  0  0  0  0  0  0  0  0  0  0  0  0  0  0  0  0  0  0  0  0  0  0  0  0  0  0  0  0  0  0  0  0  0  0  0  0  0  0  0  0  0  0  0  0  0  0  0  0  0  0  0  0  0  0  0  0  0
-8.7  0  0  0  0  0  0  0  0  0  0  0  0  0  0  0  0  0  0  0  0  0  0  0  0  0  0  0  0  0  0  0  0  0  0  0  0  0  0  0  0  0  0  0  0  0  0  0  0  0  0  0  0  0  0  0  0  0  0  0  0  0  0  0  0  0  0  0  0  0  0  0  0  0  0
-8.6  0  0  0  0  0  0  0  0  0  0  0  0  0  0  0  0  0  0  0  0  0  0  0  0  0  0  0  0  0  0  0  0  0  0  0  0  0  0  0  0  0  0  0  0  0  0  0  0  0  0  0  0  0  0  0  0  0  0  0  0  0  0  0  0  0  0  0  0  0  0  0  0  0  0
-8.5  0  0  0  0  0  0  0  0  0  0  0  0  0  0  0  0  0  0  0  0  0  0  0  0  0  0  0  0  0  0  0  0  0  0  0  0  0  0  0  0  0  0  0  0  0  0  0  0  0  0  0  0  0  0  0  0  0  0  0  0  0  0  0  0  0  0  0  0  0  0  0  0  0  0
-8.4  0  0  0  0  0  0  0  0  0  0  0  0  0  0  0  0  0  0  0  0  0  0  0  0  0  0  0  0  0  0  0  0  0  0  0  0  0  0  0  0  0  0  0  0  0  0  0  0  0  0  0  0  0  0  0  0  0  0  0  0  0  0  0  0  0  0  0  0  0  0  0  0  0  0
-8.3  0  0  0  0  0  0  0  0  0  0  0  0  0  0  0  0  0  0  0  0  0  0  0  0  0  0  0  0  0  0  0  0  0  0  0  0  0  0  0  0  0  0  0  0  0  0  0  0  0  0  0  0  0  0  0  0  0  0  0  0  0  0  0  0  0  0  0  0  0  0  0  0  0  0
-8.2  0  0  0  0  0  0  0  0  0  0  0  0  0  0  0  0  0  0  0  0  0  0  0  0  0  0  0  0  0  0  0  0  0  0  0  0  0  0  0  0  0  0  0  0  0  0  0  0  0  0  0  0  0  0  0  0  0  0  0  0  0  0  0  0  0  0  0  0  0  0  0  0  0  0
-8.1  0  0  0  0  0  0  0  0  0  0  0  0  0  0  0  0  0  0  0  0  0  0  0  0  0  0  0  0  0  0  0  0  0  0  0  0  0  0  0  0  0  0  0  0  0  0  0  0  0  0  0  0  0  0  0  0  0  0  0  0  0  0  0  0  0  0  0  0  0  0  0  0  0  0
-8  0  0  0  0  0  0  0  0  0  0  0  0  0  0  0  0  0  0  0  0  0  0  0  0  0  0  0  0  0  0  0  0  0  0  0  0  0  0  0  0  0  0  0  0  0  0  0  0  0  0  0  0  0  0  0  0  0  0  0  0  0  0  0  0  0  0  0  0  0  0  0  0  0  0
-7.9  0  0  0  0  0  0  0  0  0  0  0  0  0  0  0  0  0  0  0  0  0  0  0  0  0  0  0  0  0  0  0  0  0  0  0  0  0  0  0  0  0  0  0  0  0  0  0  0  0  0  0  0  0  0  0  0  0  0  0  0  0  0  0  0  0  0  0  0  0  0  0  0  0  0
-7.8  0  0  0  0  0  0  0  0  0  0  0  0  0  0  0  0  0  0  0  0  0  0  0  0  0  0  0  0  0  0  0  0  0  0  0  0  0  0  0  0  0  0  0  0  0  0  0  0  0  0  0  0  0  0  0  0  0  0  0  0  0  0  0  0  0  0  0  0  0  0  0  0  0  0
-7.7  0  0  0  0  0  0  0  0  0  0  0  0  0  0  0  0  0  0  0  0  0  0  0  0  0  0  0  0  0  0  0  0  0  0  0  0  0  0  0  0  0  0  0  0  0  0  0  0  0  0  0  0  0  0  0  0  0  0  0  0  0  0  0  0  0  0  0  0  0  0  0  0  0  0
-7.6  0  0  0  0  0  0  0  0  0  0  0  0  0  0  0  0  0  0  0  0  0  0  0  0  0  0  0  0  0  0  0  0  0  0  0  0  0  0  0  0  0  0  0  0  0  0  0  0  0  0  0  0  0  0  0  0  0  0  0  0  0  0  0  0  0  0  0  0  0  0  0  0  0  0
-7.5  0  0  0  0  0  0  0  0  0  0  0  0  0  0  0  0  0  0  0  0  0  0  0  0  0  0  0  0  0  0  0  0  0  0  0  0  0  0  0  0  0  0  0  0  0  0  0  0  0  0  0  0  0  0  0  0  0  0  0  0  0  0  0  0  0  0  0  0  0  0  0  0  0  0
-7.4  0  0  0  0  0  0  0  0  0  0  0  0  0  0  0  0  0  0  0  0  0  0  0  0  0  0  0  0  0  0  0  0  0  0  0  0  0  0  0  0  0  0  0  0  0  0  0  0  0  0  0  0  0  0  0  0  0  0  0  0  0  0  0  0  0  0  0  0  0  0  0  0  0  0
-7.3  0  0  0  0  0  0  0  0  0  0  0  0  0  0  0  0  0  0  0  0  0  0  0  0  0  0  0  0  0  0  0  0  0  0  0  0  0  0  0  0  0  0  0  0  0  0  0  0  0  0  0  0  0  0  0  0  0  0  0  0  0  0  0  0  0  0  0  0  0  0  0  0  0  0
-7.2  0  0  0  0  0  0  0  0  0  0  0  0  0  0  0  0  0  0  0  0  0  0  0  0  0  0  0  0  0  0  0  0  0  0  0  0  0  0  0  0  0  0  0  0  0  0  0  0  0  0  0  0  0  0  0  0  0  0  0  0  0  0  0  0  0  0  0  0  0  0  0  0  0  0
-7.1  0  0  0  0  0  0  0  0  0  0  0  0  0  0  0  0  0  0  0  0  0  0  0  0  0  0  0  0  0  0  0  0  0  0  0  0  0  0  0  0  0  0  0  0  0  0  0  0  0  0  0  0  0  0  0  0  0  0  0  0  0  0  0  0  0  0  0  0  0  0  0  0  0  0
-7  0  0  0  0  0  0  0  0  0  0  0  0  0  0  0  0  0  0  0  0  0  0  0  0  0  0  0  0  0  0  0  0  0  0  0  0  0  0  0  0  0  0  0  0  0  0  0  0  0  0  0  0  0  0  0  0  0  0  0  0  0  0  0  0  0  0  0  0  0  0  0  0  0  0
-6.9  0  0  0  0  0  0  0  0  0  0  0  0  0  0  0  0  0  0  0  0  0  0  0  0  0  0  0  0  0  0  0  0  0  0  0  0  0  0  0  0  0  0  0  0  0  0  0  0  0  0  0  0  0  0  0  0  0  0  0  0  0  0  0  0  0  0  0  0  0  0  0  0  0  0
-6.8  0  0  0  0  0  0  0  0  0  0  0  0  0  0  0  0  0  0  0  0  0  0  0  0  0  0  0  0  0  0  0  0  0  0  0  0  0  0  0  0  0  0  0  0  0  0  0  0  0  0  0  0  0  0  0  0  0  0  0  0  0  0  0  0  0  0  0  0  0  0  0  0  0  0
-6.7  0  0  0  0  0  0  0  0  0  0  0  0  0  0  0  0  0  0  0  0  0  0  0  0  0  0  0  0  0  0  0  0  0  0  0  0  0  0  0  0  0  0  0  0  0  0  0  0  0  0  0  0  0  0  0  0  0  0  0  0  0  0  0  0  0  0  0  0  0  0  0  0  0  0
-6.6  0  0  0  0  0  0  0  0  0  0  0  0  0  0  0  0  0  0  0  0  0  0  0  0  0  0  0  0  0  0  0  0  0  0  0  0  0  0  0  0  0  0  0  0  0  0  0  0  0  0  0  0  0  0  0  0  0  0  0  0  0  0  0  0  0  0  0  0  0  0  0  0  0  0
-6.5  0  0  0  0  0  0  0  0  0  0  0  0  0  0  0  0  0  0  0  0  0  0  0  0  0  0  0  0  0  0  0  0  0  0  0  0  0  0  0  0  0  0  0  0  0  0  0  0  0  0  0  0  0  0  0  0  0  0  0  0  0  0  0  0  0  0  0  0  0  0  0  0  0  0
-6.4  0  0  0  0  0  0  0  0  0  0  0  0  0  0  0  0  0  0  0  0  0  0  0  0  0  0  0  0  0  0  0  0  0  0  0  0  0  0  0  0  0  0  0  0  0  0  0  0  0  0  0  0  0  0  0  0  0  0  0  0  0  0  0  0  0  0  0  0  0  0  0  0  0  0
-6.3  0  0  0  0  0  0  0  0  0  0  0  0  0  0  0  0  0  0  0  0  0  0  0  0  0  0  0  0  0  0  0  0  0  0  0  0  0  0  0  0  0  0  0  0  0  0  0  0  0  0  0  0  0  0  0  0  0  0  0  0  0  0  0  0  0  0  0  0  0  0  0  0  0  0
-6.2  0  0  0  0  0  0  0  0  0  0  0  0  0  0  0  0  0  0  0  0  0  0  0  0  0  0  0  0  0  0  0  0  0  0  0  0  0  0  0  0  0  0  0  0  0  0  0  0  0  0  0  0  0  0  0  0  0  0  0  0  0  0  0  0  0  0  0  0  0  0  0  0  0  0
-6.1  0  0  0  0  0  0  0  0  0  0  0  0  0  0  0  0  0  0  0  0  0  0  0  0  0  0  0  0  0  0  0  0  0  0  0  0  0  0  0  0  0  0  0  0  0  0  0  0  0  0  0  0  0  0  0  0  0  0  0  0  0  0  0  0  0  0  0  0  0  0  0  0  0  0
-6  0  0  0  0  0  0  0  0  0  0  0  0  0  0  0  0  0  0  0  0  0  0  0  0  0  0  0  0  0  0  0  0  0  0  0  0  0  0  0  0  0  0  0  0  0  0  0  0  0  0  0  0  0  0  0  0  0  0  0  0  0  0  0  0  0  0  0  0  0  0  0  0  0  0
-5.9  0  0  0  0  0  0  0  0  0  0  0  0  0  0  0  0  0  0  0  0  0  0  0  0  0  0  0  0  0  0  0  0  0  0  0  0  0  0  0  0  0  0  0  0  0  0  0  0  0  0  0  0  0  0  0  0  0  0  0  0  0  0  0  0  0  0  0  0  0  0  0  0  0  0
-5.8  0  0  0  0  0  0  0  0  0  0  0  0  0  0  0  0  0  0  0  0  0  0  0  0  0  0  0  0  0  0  0  0  0  0  0  0  0  0  0  0  0  0  0  0  0  0  0  0  0  0  0  0  0  0  0  0  0  0  0  0  0  0  0  0  0  0  0  0  0  0  0  0  0  0
-5.7  0  0  0  0  0  0  0  0  0  0  0  0  0  0  0  0  0  0  0  0  0  0  0  0  0  0  0  0  0  0  0  0  0  0  0  0  0  0  0  0  0  0  0  0  0  0  0  0  0  0  0  0  0  0  0  0  0  0  0  0  0  0  0  0  0  0  0  0  0  0  0  0  0  0
-5.6  0  0  0  0  0  0  0  0  0  0  0  0  0  0  0  0  0  0  0  0  0  0  0  0  0  0  0  0  0  0  0  0  0  0  0  0  0  0  0  0  0  0  0  0  0  0  0  0  0  0  0  0  0  0  0  0  0  0  0  0  0  0  0  0  0  0  0  0  0  0  0  0  0  0
-5.5  0  0  0  0  0  0  0  0  0  0  0  0  0  0  0  0  0  0  0  0  0  0  0  0  0  0  0  0  0  0  0  0  0  0  0  0  0  0  0  0  0  0  0  0  0  0  0  0  0  0  0  0  0  0  0  0  0  0  0  0  0  0  0  0  0  0  0  0  0  0  0  0  0  0
-5.4  0  0  0  0  0  0  0  0  0  0  0  0  0  0  0  0  0  0  0  0  0  0  0  0  0  0  0  0  0  0  0  0  0  0  0  0  0  0  0  0  0  0  0  0  0  0  0  0  0  0  0  0  0  0  0  0  0  0  0  0  0  0  0  0  0  0  0  0  0  0  0  0  0  0
-5.3  0  0  0  0  0  0  0  0  0  0  0  0  0  0  0  0  0  0  0  0  0  0  0  0  0  0  0  0  0  0  0  0  0  0  0  0  0  0  0  0  0  0  0  0  0  0  0  0  0  0  0  0  0  0  0  0  0  0  0  0  0  0  0  0  0  0  0  0  0  0  0  0  0  0
-5.2  0  0  0  0  0  0  0  0  0  0  0  0  0  0  0  0  0  0  0  0  0  0  0  0  0  0  0  0  0  0  0  0  0  0  0  0  0  0  0  0  0  0  0  0  0  0  0  0  0  0  0  0  0  0  0  0  0  0  0  0  0  0  0  0  0  0  0  0  0  0  0  0  0  0
-5.1  0  0  0  0  0  0  0  0  0  0  0  0  0  0  0  0  0  0  0  0  0  0  0  0  0  0  0  0  0  0  0  0  0  0  0  0  0  0  0  0  0  0  0  0  0  0  0  0  0  0  0  0  0  0  0  0  0  0  0  0  0  0  0  0  0  0  0  0  0  0  0  0  0  0
-5  0  0  0  0  0  0  0  0  0  0  0  0  0  0  0  0  0  0  0  0  0  0  0  0  0  0  0  0  0  0  0  0  0  0  0  0  0  0  0  0  0  0  0  0  0  0  0  0  0  0  0  0  0  0  0  0  0  0  0  0  0  0  0  0  0  0  0  0  0  0  0  0  0  0
-4.9  0  0  0  0  0  0  0  0  0  0  0  0  0  0  0  0  0  0  0  0  0  0  0  0  0  0  0  0  0  0  0  0  0  0  0  0  0  0  0  0  0  0  0  0  0  0  0  0  0  0  0  0  0  0  0  0  0  0  0  0  0  0  0  0  0  0  0  0  0  0  0  0  0  0
-4.8  0  0  0  0  0  0  0  0  0  0  0  0  0  0  0  0  0  0  0  0  0  0  0  0  0  0  0  0  0  0  0  0  0  0  0  0  0  0  0  0  0  0  0  0  0  0  0  0  0  0  0  0  0  0  0  0  0  0  0  0  0  0  0  0  0  0  0  0  0  0  0  0  0  0
-4.7  0  0  0  0  0  0  0  0  0  0  0  0  0  0  0  0  0  0  0  0  0  0  0  0  0  0  0  0  0  0  0  0  0  0  0  0  0  0  0  0  0  0  0  0  0  0  0  0  0  0  0  0  0  0  0  0  0  0  0  0  0  0  0  0  0  0  0  0  0  0  0  0  0  0
-4.6  0  0  0  0  0  0  0  0  0  0  0  0  0  0  0  0  0  0  0  0  0  0  0  0  0  0  0  0  0  0  0  0  0  0  0  0  0  0  0  0  0  0  0  0  0  0  0  0  0  0  0  0  0  0  0  0  0  0  0  0  0  0  0  0  0  0  0  0  0  0  0  0  0  0
-4.5  0  0  0  0  0  0  0  0  0  0  0  0  0  0  0  0  0  0  0  0  0  0  0  0  0  0  0  0  0  0  0  0  0  0  0  0  0  0  0  0  0  0  0  0  0  0  0  0  0  0  0  0  0  0  0  0  0  0  0  0  0  0  0  0  0  0  0  0  0  0  0  0  0  0
-4.4  0  0  0  0  0  0  0  0  0  0  0  0  0  0  0  0  0  0  0  0  0  0  0  0  0  0  0  0  0  0  0  0  0  0  0  0  0  0  0  0  0  0  0  0  0  0  0  0  0  0  0  0  0  0  0  0  0  0  0  0  0  0  0  0  0  0  0  0  0  0  0  0  0  0
-4.3  0  0  0  0  0  0  0  0  0  0  0  0  0  0  0  0  0  0  0  0  0  0  0  0  0  0  0  0  0  0  0  0  0  0  0  0  0  0  0  0  0  0  0  0  0  0  0  0  0  0  0  0  0  0  0  0  0  0  0  0  0  0  0  0  0  0  0  0  0  0  0  0  0  0
-4.2  0  0  0  0  0  0  0  0  0  0  0  0  0  0  0  0  0  0  0  0  0  0  0  0  0  0  0  0  0  0  0  0  0  0  0  0  0  0  0  0  0  0  0  0  0  0  0  0  0  0  0  0  0  0  0  0  0  0  0  0  0  0  0  0  0  0  0  0  0  0  0  0  0  0
-4.1  0  0  0  0  0  0  0  0  0  0  0  0  0  0  0  0  0  0  0  0  0  0  0  0  0  0  0  0  0  0  0  0  0  0  0  0  0  0  0  0  0  0  0  0  0  0  0  0  0  0  0  0  0  0  0  0  0  0  0  0  0  0  0  0  0  0  0  0  0  0  0  0  0  0
-4  0  0  0  0  0  0  0  0  0  0  0  0  0  0  0  0  0  0  0  0  0  0  0  0  0  0  0  0  0  0  0  0  0  0  0  0  0  0  0  0  0  0  0  0  0  0  0  0  0  0  0  0  0  0  0  0  0  0  0  0  0  0  0  0  0  0  0  0  0  0  0  0  0  0
-3.9  0  0  0  0  0  0  0  0  0  0  0  0  0  0  0  0  0  0  0  0  0  0  0  0  0  0  0  0  0  0  0  0  0  0  0  0  0  0  0  0  0  0  0  0  0  0  0  0  0  0  0  0  0  0  0  0  0  0  0  0  0  0  0  0  0  0  0  0  0  0  0  0  0  0
-3.8  0  0  0  0  0  0  0  0  0  0  0  0  0  0  0  0  0  0  0  0  0  0  0  0  0  0  0  0  0  0  0  0  0  0  0  0  0  0  0  0  0  0  0  0  0  0  0  0  0  0  0  0  0  0  0  0  0  0  0  0  0  0  0  0  0  0  0  0  0  0  0  0  0  0
-3.7  0  0  0  0  0  0  0  0  0  0  0  0  0  0  0  0  0  0  0  0  0  0  0  0  0  0  0  0  0  0  0  0  0  0  0  0  0  0  0  0  0  0  0  0  0  0  0  0  0  0  0  0  0  0  0  0  0  0  0  0  0  0  0  0  0  0  0  0  0  0  0  0  0  0
-3.6  0  0  0  0  0  0  0  0  0  0  0  0  0  0  0  0  0  0  0  0  0  0  0  0  0  0  0  0  0  0  0  0  0  0  0  0  0  0  0  0  0  0  0  0  0  0  0  0  0  0  0  0  0  0  0  0  0  0  0  0  0  0  0  0  0  0  0  0  0  0  0  0  0  0
-3.5  0  0  0  0  0  0  0  0  0  0  0  0  0  0  0  0  0  0  0  0  0  0  0  0  0  0  0  0  0  0  0  0  0  0  0  0  0  0  0  0  0  0  0  0  0  0  0  0  0  0  0  0  0  0  0  0  0  0  0  0  0  0  0  0  0  0  0  0  0  0  0  0  0  0
-3.4  0  0  0  0  0  0  0  0  0  0  0  0  0  0  0  0  0  0  0  0  0  0  0  0  0  0  0  0  0  0  0  0  0  0  0  0  0  0  0  0  0  0  0  0  0  0  0  0  0  0  0  0  0  0  0  0  0  0  0  0  0  0  0  0  0  0  0  0  0  0  0  0  0  0
-3.3  0  0  0  0  0  0  0  0  0  0  0  0  0  0  0  0  0  0  0  0  0  0  0  0  0  0  0  0  0  0  0  0  0  0  0  0  0  0  0  0  0  0  0  0  0  0  0  0  0  0  0  0  0  0  0  0  0  0  0  0  0  0  0  0  0  0  0  0  0  0  0  0  0  0
-3.2  0  0  0  0  0  0  0  0  0  0  0  0  0  0  0  0  0  0  0  0  0  0  0  0  0  0  0  0  0  0  0  0  0  0  0  0  0  0  0  0  0  0  0  0  0  0  0  0  0  0  0  0  0  0  0  0  0  0  0  0  0  0  0  0  0  0  0  0  0  0  0  0  0  0
-3.1  0  0  0  0  0  0  0  0  0  0  0  0  0  0  0  0  0  0  0  0  0  0  0  0  0  0  0  0  0  0  0  0  0  0  0  0  0  0  0  0  0  0  0  0  0  0  0  0  0  0  0  0  0  0  0  0  0  0  0  0  0  0  0  0  0  0  0  0  0  0  0  0  0  0
-3  0  0  0  0  0  0  0  0  0  0  0  0  0  0  0  0  0  0  0  0  0  0  0  0  0  0  0  0  0  0  0  0  0  0  0  0  0  0  0  0  0  0  0  0  0  0  0  0  0  0  0  0  0  0  0  0  0  0  0  0  0  0  0  0  0  0  0  0  0  0  0  0  0  0
-2.9  0  0  0  0  0  0  0  0  0  0  0  0  0  0  0  0  0  0  0  0  0  0  0  0  0  0  0  0  0  0  0  0  0  0  0  0  0  0  0  0  0  0  0  0  0  0  0  0  0  0  0  0  0  0  0  0  0  0  0  0  0  0  0  0  0  0  0  0  0  0  0  0  0  0
-2.8  0  0  0  0  0  0  0  0  0  0  0  0  0  0  0  0  0  0  0  0  0  0  0  0  0  0  0  0  0  0  0  0  0  0  0  0  0  0  0  0  0  0  0  0  0  0  0  0  0  0  0  0  0  0  0  0  0  0  0  0  0  0  0  0  0  0  0  0  0  0  0  0  0  0
-2.7  0  0  0  0  0  0  0  0  0  0  0  0  0  0  0  0  0  0  0  0  0  0  0  0  0  0  0  0  0  0  0  0  0  0  0  0  0  0  0  0  0  0  0  0  0  0  0  0  0  0  0  0  0  0  0  0  0  0  0  0  0  0  0  0  0  0  0  0  0  0  0  -6.25451e-17  -1.25093e-16  -1.87653e-16
-2.6  0  0  0  0  0  0  0  0  0  0  0  0  0  0  0  0  0  0  0  0  0  0  0  0  0  0  0  0  0  0  0  0  0  0  0  0  0  0  0  0  0  0  0  0  0  0  0  0  0  0  0  0  0  0  0  0  0  0  0  0  0  0  0  0  -6.30115e-17  -1.25873e-16  -1.88624e-16  -3.13966e-16  -5.0181e-16  -7.52115e-16  -1.06489e-15  -1.44016e-15  -1.87799e-15  -2.44103e-15
-2.5  0  0  0  0  0  0  0  0  0  0  0  0  0  0  0  0  0  0  0  0  0  0  0  0  0  0  0  0  0  0  0  0  0  0  0  0  0  0  0  0  0  0  0  0  0  0  0  0  0  0  0  0  0  0  0  0  0  0  -6.31256e-17  -1.2631e-16  -2.52805e-16  -3.79439e-16  -6.32658e-16  -9.48747e-16  -1.32682e-15  -1.76684e-15  -2.33161e-15  -3.08366e-15  -4.14811e-15  -5.52479e-15  -7.2763e-15  -9.59047e-15  -1.25302e-14  -1.65966e-14
-2.4  0  0  0  0  0  0  0  0  0  0  0  0  0  0  0  0  0  0  0  0  0  0  0  0  0  0  0  0  0  0  0  0  0  0  0  0  0  0  0  0  0  0  0  0  0  0  0  0  0  0  0  0  -6.28837e-17  -1.88698e-16  -3.14574e-16  -5.03506e-16  -7.55595e-16  -1.1971e-15  -1.7021e-15  -2.20757e-15  -2.9033e-15  -3.97968e-15  -5.4357e-15  -7.26901e-15  -9.78947e-15  -1.3184e-14  -1.77021e-14  -2.35932e-14  -3.12321e-14  -4.14321e-14  -5.48186e-14  -7.22687e-14  -9.53488e-14  -1.25128e-13
-2.3  0  0  0  0  0  0  0  0  0  0  0  0  0  0  0  0  0  0  0  0  0  0  0  0  0  0  0  0  0  0  0  0  0  0  0  0  0  0  0  0  0  0  0  0  0  0  -6.30254e-17  -1.25981e-16  -2.51799e-16  -4.40443e-16  -6.91921e-16  -1.00627e-15  -1.32069e-15  -1.88686e-15  -2.76799e-15  -4.02754e-15  -5.85518e-15  -8.12576e-15  -1.12189e-14  -1.5705e-14  -2.184e-14  -3.01978e-14  -4.12129e-14  -5.60058e-14  -7.55394e-14  -1.01375e-13  -1.35449e-13  -1.80322e-13  -2.39305e-13  -3.16524e-13  -4.17549e-13  -5.49519e-13  -7.214e-13  -9.45115e-13
-2.2  0  0  0  0  0  0  0  0  0  0  0  0  0  0  0  0  0  0  0  0  0  0  0  0  0  0  0  0  0  0  0  0  0  0  0  0  0  0  0  0  0  -6.3942e-17  -1.91231e-16  -3.1808e-16  -5.71098e-16  -1.01296e-15  -1.51717e-15  -2.14672e-15  -3.15327e-15  -4.59954e-15  -6.79997e-15  -9.81776e-15  -1.4031e-14  -1.97555e-14  -2.78746e-14  -3.88956e-14  -5.37688e-14  -7.40779e-14  -1.01601e-13  -1.38437e-13  -1.8777e-13  -2.53556e-13  -3.41107e-13  -4.56795e-13  -6.09031e-13  -8.08993e-13  -1.07129e-12  -1.41473e-12  -1.86355e-12  -2.44864e-12  -3.20986e-12  -4.19895e-12  -5.48318e-12  -7.14897e-12
-2.1  0  0  0  0  0  0  0  0  0  0  0  0  0  0  0  0  0  0  0  0  0  0  0  0  0  0  0  0  0  0  0  0  0  0  0  0  0  -1.28673e-16  -2.57554e-16  -5.15629e-16  -8.37325e-16  -1.28492e-15  -2.1123e-15  -3.44421e-15  -5.4051e-15  -8.3719e-15  -1.27207e-14  -1.9331e-14  -2.86415e-14  -4.17837e-14  -6.02673e-14  -8.59815e-14  -1.21574e-13  -1.70515e-13  -2.37104e-13  -3.2754e-13  -4.49676e-13  -6.136e-13  -8.32772e-13  -1.12493e-12  -1.51277e-12  -2.02551e-12  -2.70104e-12  -3.58893e-12  -4.75218e-12  -6.27449e-12  -8.26314e-12  -1.08543e-11  -1.4222e-11  -1.85911e-11  -2.42568e-11  -3.1601e-11  -4.11093e-11  -5.33873e-11
-2  0  0  0  0  0  0  0  0  0  0  0  0  0  0  0  0  0  0  0  0  0  0  0  0  0  0  0  0  0  0  0  0  0  -1.27958e-16  -3.84183e-16  -7.04896e-16  -1.2188e-15  -2.05518e-15  -3.53731e-15  -6.05354e-15  -1.00426e-14  -1.62449e-14  -2.53461e-14  -3.90458e-14  -5.92872e-14  -8.86396e-14  -1.30993e-13  -1.90675e-13  -2.7447e-13  -3.91052e-13  -5.51809e-13  -7.72171e-13  -1.07225e-12  -1.478e-12  -2.02374e-12  -2.75428e-12  -3.72885e-12  -5.02466e-12  -6.74148e-12  -9.00752e-12  -1.19897e-11  -1.5909e-11  -2.10542e-11  -2.77995e-11  -3.66132e-11  -4.80981e-11  -6.30102e-11  -8.23205e-11  -1.07307e-10  -1.39673e-10  -1.81587e-10  -2.35742e-10  -3.05406e-10  -3.94645e-10
-1.9  0  0  0  0  0  0  0  0  0  0  0  0  0  0  0  0  0  0  0  0  0  0  0  0  0  0  0  0  0  -1.27571e-16  -3.82828e-16  -7.65969e-16  -1.46902e-15  -2.87656e-15  -5.18258e-15  -9.22356e-15  -1.61613e-14  -2.72272e-14  -4.50127e-14  -7.24977e-14  -1.14704e-13  -1.77559e-13  -2.70162e-13  -4.04241e-13  -5.96282e-13  -8.67965e-13  -1.24826e-12  -1.77583e-12  -2.50155e-12  -3.49344e-12  -4.84041e-12  -6.65889e-12  -9.09853e-12  -1.23553e-11  -1.66888e-11  -2.24392e-11  -3.00468e-11  -4.00728e-11  -5.32356e-11  -7.04791e-11  -9.30746e-11  -1.22753e-10  -1.617e-10  -2.1263e-10  -2.78746e-10  -3.64183e-10  -4.74397e-10  -6.16806e-10  -8.01431e-10  -1.04035e-09  -1.34809e-09  -1.74151e-09  -2.24243e-09  -2.88139e-09
-1.8  0  0  0  0  0  0  0  0  0  0  0  0  0  0  0  0  0  0  0  0  0  0  0  0  0  -6.3875e-17  -2.55333e-16  -7.65624e-16  -1.65848e-15  -3.3807e-15  -6.63523e-15  -1.251e-14  -2.29919e-14  -4.097e-14  -7.11404e-14  -1.2053e-13  -1.99415e-13  -3.22941e-13  -5.12331e-13  -7.97569e-13  -1.21828e-12  -1.82797e-12  -2.70047e-12  -3.93452e-12  -5.66017e-12  -8.04794e-12  -1.13224e-11  -1.57853e-11  -2.18346e-11  -2.99878e-11  -4.09062e-11  -5.54388e-11  -7.47049e-11  -1.00216e-10  -1.33924e-10  -1.78318e-10  -2.36502e-10  -3.12468e-10  -4.11612e-10  -5.41438e-10  -7.12283e-10  -9.36745e-10  -1.2298e-09  -1.60871e-09  -2.09526e-09  -2.72115e-09  -3.53111e-09  -4.58524e-09  -5.94618e-09  -7.68812e-09  -9.89274e-09  -1.26823e-08  -1.62454e-08  -2.0849e-08
-1.7  0  0  0  0  0  0  0  0  0  0  0  0  0  0  0  0  0  0  0  0  0  0  -1.28331e-16  -3.84516e-16  -1.08797e-15  -2.68484e-15  -6.25872e-15  -1.34028e-14  -2.71784e-14  -5.26926e-14  -9.85113e-14  -1.78268e-13  -3.12615e-13  -5.32703e-13  -8.85075e-13  -1.43747e-12  -2.28593e-12  -3.56456e-12  -5.45678e-12  -8.21432e-12  -1.21721e-11  -1.77673e-11  -2.55894e-11  -3.63992e-11  -5.11819e-11  -7.12493e-11  -9.83935e-11  -1.3493e-10  -1.83818e-10  -2.48749e-10  -3.34487e-10  -4.47497e-10  -5.96776e-10  -7.93337e-10  -1.051e-09  -1.38643e-09  -1.82187e-09  -2.38935e-09  -3.13474e-09  -4.12083e-09  -5.41325e-09  -7.09167e-09  -9.24148e-09  -1.19901e-08  -1.55308e-08  -2.01446e-08  -2.61919e-08  -3.39236e-08  -4.37075e-08  -5.5899e-08  -7.12998e-08  -9.11953e-08  -1.17275e-07  -1.51484e-07
-1.6  0  0  0  0  0  0  0  0  0  0  0  0  0  0  0  0  0  0  0  -1.29529e-16  -4.52075e-16  -1.41682e-15  -4.11177e-15  -1.06445e-14  -2.51611e-14  -5.53101e-14  -1.14152e-13  -2.24311e-13  -4.24439e-13  -7.766e-13  -1.3755e-12  -2.36138e-12  -3.94062e-12  -6.41904e-12  -1.02314e-11  -1.59812e-11  -2.44841e-11  -3.68399e-11  -5.45681e-11  -7.98016e-11  -1.15216e-10  -1.64161e-10  -2.30957e-10  -3.21237e-10  -4.4273e-10  -6.0629e-10  -8.25082e-10  -1.11566e-09  -1.49798e-09  -1.99884e-09  -2.65694e-09  -3.52769e-09  -4.66915e-09  -6.15628e-09  -8.0742e-09  -1.05525e-08  -1.37944e-08  -1.80909e-08  -2.38216e-08  -3.12487e-08  -4.07775e-08  -5.27944e-08  -6.81492e-08  -8.8203e-08  -1.14707e-07  -1.4971e-07  -1.93124e-07  -2.47267e-07  -3.13255e-07  -3.98e-07  -5.10657e-07  -6.61168e-07  -8.58948e-07  -1.08658e-06
-1.5  0  0  0  0  0  0  0  0  0  0  0  0  0  0  0  0  -6.58117e-17  -3.27441e-16  -1.36849e-15  -4.73625e-15  -1.42836e-14  -3.8981e-14  -9.68584e-14  -2.22325e-13  -4.74352e-13  -9.52137e-13  -1.82404e-12  -3.37436e-12  -6.04466e-12  -1.04766e-11  -1.759e-11  -2.87301e-11  -4.58968e-11  -7.18157e-11  -1.10173e-10  -1.65783e-10  -2.4512e-10  -3.57331e-10  -5.156e-10  -7.36057e-10  -1.03831e-09  -1.44514e-09  -1.98875e-09  -2.7163e-09  -3.69564e-09  -4.9958e-09  -6.70721e-09  -8.93228e-09  -1.18291e-08  -1.56449e-08  -2.07329e-08  -2.73274e-08  -3.58473e-08  -4.66865e-08  -6.07076e-08  -7.93089e-08  -1.0435e-07  -1.38009e-07  -1.80163e-07  -2.33471e-07  -2.99095e-07  -3.84446e-07  -4.99302e-07  -6.54212e-07  -8.58845e-07  -1.09332e-06  -1.38683e-06  -1.73259e-06  -2.20811e-06  -2.86879e-06  -3.75885e-06  -4.90729e-06  -5.98658e-06  -7.48558e-06
-1.4  0  0  0  0  0  0  0  0  0  0  0  0  0  0  -1.33731e-16  -9.29333e-16  -4.08829e-15  -1.45535e-14  -4.71514e-14  -1.37887e-13  -3.62637e-13  -8.75301e-13  -1.94635e-12  -4.01741e-12  -7.82078e-12  -1.46007e-11  -2.64471e-11  -4.64071e-11  -7.86342e-11  -1.28982e-10  -2.06157e-10  -3.23263e-10  -4.96694e-10  -7.4829e-10  -1.10536e-09  -1.60578e-09  -2.30593e-09  -3.28872e-09  -4.63931e-09  -6.47276e-09  -8.91072e-09  -1.21388e-08  -1.64628e-08  -2.23195e-08  -2.99747e-08  -3.99438e-08  -5.27014e-08  -6.93151e-08  -9.14946e-08  -1.21494e-07  -1.59089e-07  -2.07397e-07  -2.67581e-07  -3.46958e-07  -4.5551e-07  -6.04266e-07  -8.0406e-07  -1.03336e-06  -1.32588e-06  -1.67234e-06  -2.15524e-06  -2.83462e-06  -3.75816e-06  -4.957e-06  -6.06654e-06  -7.63933e-06  -9.27831e-06  -1.2005e-05  -1.5817e-05  -2.07411e-05  -2.66928e-05  0.00392648  0.00422752  0.00830263
-1.3  0  0  0  0  0  0  0  0  0  0  0  0  0  -1.35595e-15  -1.00485e-14  -4.18062e-14  -1.42564e-13  -4.57697e-13  -1.30765e-12  -3.32986e-12  -7.8006e-12  -1.67721e-11  -3.34309e-11  -6.31067e-11  -1.14995e-10  -2.0443e-10  -3.51299e-10  -5.80806e-10  -9.29501e-10  -1.45449e-09  -2.24276e-09  -3.38329e-09  -5.00319e-09  -7.2487e-09  -1.03483e-08  -1.46677e-08  -2.07405e-08  -2.88932e-08  -3.9803e-08  -5.4075e-08  -7.30194e-08  -9.87122e-08  -1.33949e-07  -1.78197e-07  -2.35483e-07  -3.07142e-07  -4.02345e-07  -5.33244e-07  -7.13137e-07  -9.18669e-07  -1.19044e-06  -1.51525e-06  -1.97484e-06  -2.63113e-06  -3.53445e-06  -4.72187e-06  -5.80361e-06  -7.40167e-06  -9.05072e-06  -1.18455e-05  -1.57956e-05  -2.09431e-05  -2.72109e-05  0.00398404  0.00429129  0.00842238  0.0119039  0.0152181  0.0185053  0.021858  0.025332  0.024961  0.0306939  0.031787
-1.2  0  0  0  0  0  0  0  0  0  0  0  0  -1.63082e-14  -1.10546e-13  -4.24413e-13  -1.39279e-12  -4.42414e-12  -1.2266e-11  -3.01346e-11  -6.8494e-11  -1.41996e-10  -2.72699e-10  -4.99523e-10  -8.91167e-10  -1.55954e-09  -2.61974e-09  -4.21173e-09  -6.56932e-09  -1.00835e-08  -1.53386e-08  -2.26782e-08  -3.28919e-08  -4.66732e-08  -6.55616e-08  -9.2089e-08  -1.29678e-07  -1.77681e-07  -2.41498e-07  -3.22717e-07  -4.33047e-07  -5.87627e-07  -8.02494e-07  -1.04597e-06  -1.37222e-06  -1.76252e-06  -2.3203e-06  -3.11896e-06  -4.2186e-06  -5.18614e-06  -6.74736e-06  -8.33089e-06  -1.10614e-05  -1.49813e-05  -2.01346e-05  -2.64826e-05  0.0038746  0.00417264  0.00826864  0.0117497  0.0150893  0.0184271  0.0218552  0.025425  0.0251063  0.0309922  0.032171  0.036097  0.0408923  0.0463196  0.0522404  0.0586148  0.0654295  0.0693291  0.0764944
-1.1  0  0  0  0  0  0  0  0  0  0  0  -1.94809e-13  -1.17991e-12  -4.20292e-12  -1.33813e-11  -4.23902e-11  -1.13431e-10  -2.67956e-10  -5.9167e-10  -1.17787e-09  -2.17454e-09  -3.87577e-09  -6.80246e-09  -1.17582e-08  -1.92059e-08  -2.98735e-08  -4.54379e-08  -6.87305e-08  -1.03625e-07  -1.4924e-07  -2.12273e-07  -2.94363e-07  -4.08475e-07  -5.72659e-07  -8.07335e-07  -1.07407e-06  -1.44409e-06  -1.89022e-06  -2.54303e-06  -3.497e-06  -4.82667e-06  -5.96595e-06  -7.87202e-06  -9.7872e-06  -1.31464e-05  -1.79504e-05  -2.42588e-05  0.00361312  0.00388907  0.00782  0.0112094  0.0144932  0.0178037  0.0212257  0.0248118  0.0246468  0.0305384  0.0318313  0.0358587  0.0407865  0.0463796  0.0525054  0.0591192  0.0662002  0.0703169  0.0777707  0.0828185  0.0888408  0.0956126  0.103163  0.111426  0.120381  0.131125  0.139473
-1  0  0  0  0  0  0  0  0  0  0  -2.29699e-12  -1.25027e-11  -4.04333e-11  -1.26577e-10  -4.03188e-10  -1.03117e-09  -2.33534e-09  -5.02546e-09  -9.53595e-09  -1.6898e-08  -2.94876e-08  -5.12685e-08  -8.77729e-08  -1.3777e-07  -2.06095e-07  -3.07245e-07  -4.62004e-07  -6.94061e-07  -9.57834e-07  -1.34319e-06  -1.81214e-06  -2.5108e-06  -3.55215e-06  -5.03241e-06  -6.27179e-06  -8.49041e-06  -1.0682e-05  -1.46538e-05  -2.04326e-05  -2.81262e-05  0.00393251  0.00423643  0.00851116  0.012191  0.0157662  0.0193804  0.023125  0.0233717  0.0292331  0.0307566  0.0348475  0.039836  0.0454901  0.0516918  0.0584082  0.0656325  0.0700753  0.0777794  0.0831736  0.0895591  0.0967355  0.104735  0.113485  0.122953  0.134237  0.143079  0.15441  0.164503  0.17476  0.185274  0.196274  0.207798  0.219909  0.234228
-0.9  0  0  0  0  0  0  0  0  0  -2.67591e-11  -1.2953e-10  -3.81856e-10  -1.1773e-09  -3.81172e-09  -9.16965e-09  -1.98918e-08  -4.19891e-08  -7.48988e-08  -1.27543e-07  -2.2059e-07  -3.8305e-07  -6.4975e-07  -9.56811e-07  -1.37275e-06  -2.03689e-06  -3.08433e-06  -4.62966e-06  -5.87178e-06  -8.33194e-06  -1.07025e-05  -1.50901e-05  -2.16115e-05  -3.04133e-05  0.00399037  0.00429689  0.00878356  0.0126969  0.0165497  0.0204937  0.0246251  0.0249704  0.0314643  0.0332175  0.037795  0.0433328  0.0495921  0.0564469  0.0638658  0.0688339  0.076792  0.0826555  0.0894218  0.0969691  0.105326  0.114446  0.124317  0.136024  0.145493  0.157445  0.168255  0.179279  0.190616  0.202478  0.214887  0.227877  0.243107  0.257015  0.27293  0.288572  0.304358  0.320167  0.336193  0.352453  0.368716
-0.8  0  0  0  0  0  0  0  0  -3.07377e-10  -1.30429e-09  -3.48658e-09  -1.09573e-08  -3.5754e-08  -7.91369e-08  -1.6518e-07  -3.4578e-07  -5.64511e-07  -9.33465e-07  -1.63389e-06  -2.85159e-06  -4.76968e-06  -6.26557e-06  -8.68755e-06  -1.31713e-05  -2.01698e-05  -2.98696e-05  0.00386366  0.00415548  0.00864429  0.0126343  0.0166177  0.0207471  0.0251171  0.0257074  0.0326119  0.034656  0.0397175  0.0458595  0.0528407  0.0605317  0.0688723  0.0744972  0.0834586  0.0900981  0.0977595  0.106264  0.115648  0.125853  0.137867  0.148016  0.160505  0.172061  0.183838  0.195957  0.208619  0.221873  0.235776  0.251924  0.266915  0.283963  0.300829  0.317913  0.335062  0.352445  0.370037  0.387605  0.407281  0.426232  0.44687  0.46785  0.489334  0.510956  0.532796  0.554745
-0.7  0  0  0  0  0  0  0  -3.47139e-09  -1.26808e-08  -3.05599e-08  -1.0165e-07  -3.37814e-07  -6.5272e-07  -1.33722e-06  -2.81803e-06  -3.97444e-06  -6.58232e-06  -1.19275e-05  -2.07421e-05  -3.3624e-05  0.00412634  0.00783267  0.01158  0.0155251  0.0197619  0.0243507  0.0253833  0.0325834  0.0350573  0.0405193  0.0471383  0.0546647  0.0629826  0.0720684  0.0785701  0.0885683  0.096226  0.105051  0.114855  0.125681  0.137425  0.151132  0.1627  0.176883  0.189981  0.203336  0.217042  0.231327  0.246233  0.263251  0.27935  0.297412  0.31544  0.333731  0.35217  0.37091  0.389965  0.409088  0.430338  0.450971  0.473368  0.49618  0.519542  0.543036  0.566696  0.590417  0.613534  0.638228  0.662283  0.687579  0.713335  0.739846  0.766687  0.793902
-0.6  0  0  0  0  0  0  -3.84239e-08  -1.17893e-07  -2.55175e-07  -9.46504e-07  -3.18091e-06  -5.04075e-06  -1.04681e-05  -2.24699e-05  0.00365389  0.00724717  0.0111484  0.0154823  0.0203157  0.0256877  0.0273955  0.032371  0.0386847  0.0460381  0.0543033  0.0634442  0.0734561  0.0811719  0.0923049  0.101274  0.111397  0.122549  0.134777  0.148032  0.163432  0.176841  0.193105  0.208311  0.223907  0.239958  0.256648  0.273941  0.293527  0.311942  0.33252  0.352935  0.373606  0.394384  0.41545  0.436523  0.459524  0.481994  0.506106  0.530677  0.555826  0.581206  0.606872  0.632727  0.658082  0.685053  0.711429  0.739114  0.767252  0.796122  0.82521  0.854587  0.88421  0.912968  0.942808  0.971917  1.00163  1.0315  1.06194  1.09265
-0.5  0  0  0  0  0  -4.14187e-07  -1.03332e-06  -1.98998e-06  -8.77966e-06  -2.92111e-05  0.00476066  0.0097208  0.0153427  0.0218461  0.0254312  0.031874  0.0397278  0.0487645  0.0589046  0.07013  0.0824444  0.0924652  0.10358  0.115761  0.129051  0.143417  0.158854  0.176426  0.192256  0.210904  0.228644  0.246779  0.265396  0.284725  0.304809  0.327365  0.348843  0.372781  0.396607  0.420813  0.445073  0.469506  0.493787  0.520139  0.545652  0.572948  0.600613  0.628846  0.657261  0.685906  0.71402  0.743559  0.772495  0.802569  0.833075  0.864341  0.896019  0.928093  0.960495  0.992066  1.02472  1.05661  1.08906  1.12154  1.15444  1.18775  1.22159  1.25607  1.28998  1.32422  1.35784  1.39119  1.42415  1.457
-0.4  0  0  0  0  -4.31455e-06  -8.25309e-06  0.00416299  0.0100953  0.0179233  0.0275103  0.0338208  0.0440333  0.0562283  0.0703477  0.0859988  0.100187  0.115489  0.131926  0.149518  0.168244  0.188101  0.21026  0.231441  0.252891  0.274769  0.297291  0.320511  0.344478  0.370789  0.396084  0.423751  0.451328  0.479248  0.507299  0.535674  0.56403  0.594665  0.624484  0.656376  0.68861  0.721339  0.753929  0.786499  0.818146  0.851389  0.883878  0.917579  0.951719  0.986518  1.0216  1.05702  1.0916  1.12706  1.16168  1.19692  1.23254  1.26865  1.30517  1.34206  1.3795  1.41626  1.45329  1.48952  1.52525  1.56028  1.59462  1.62828  1.6614  1.69431  1.72687  1.75932  1.79155  1.8234  1.85475
-0.3  0  0  0  -4.33871e-05  0.00776832  0.0222212  0.0363702  0.0541801  0.0743642  0.0969181  0.121663  0.144336  0.168661  0.194638  0.221804  0.250751  0.279198  0.307951  0.337115  0.36678  0.396962  0.427711  0.460892  0.494099  0.527568  0.561087  0.594724  0.628454  0.661961  0.697439  0.73191  0.768225  0.804796  0.841963  0.879323  0.916875  0.953672  0.992136  1.02951  1.06809  1.10667  1.14544  1.18416  1.2235  1.26243  1.30207  1.34111  1.38017  1.4192  1.4584  1.49767  1.53724  1.57594  1.6146  1.65199  1.68828  1.72391  1.75901  1.79364  1.82786  1.86192  1.89556  1.92883  1.96151  1.99388  2.02562  2.05646  2.08622  2.11473  2.14196  2.16768  2.19194  2.21479  2.23629
-0.2  0  0  -0.00205072  0.0386025  0.0781607  0.116537  0.159554  0.200803  0.243644  0.286813  0.330694  0.376824  0.420745  0.465036  0.505748  0.548511  0.592431  0.63599  0.67918  0.721838  0.764115  0.806335  0.847997  0.891271  0.934644  0.978038  1.02108  1.06379  1.10617  1.1474  1.18986  1.23115  1.27379  1.31714  1.36109  1.40524  1.44947  1.49229  1.53519  1.57658  1.61725  1.65964  1.70205  1.74338  1.78348  1.82258  1.86093  1.89831  1.93457  1.96968  2.00365  2.03652  2.06859  2.09961  2.12971  2.1585  2.18533  2.21005  2.23269  2.25328  2.27189  2.28872  2.30383  2.33875  2.36422  2.38304  2.39696  2.40708  2.4141  2.41851  2.42068  2.42089  2.41935  2.41624
-0.1  0  -0.127773  0.0936565  0.22526  0.322197  0.417483  0.501007  0.583776  0.659116  0.731182  0.799543  0.864996  0.929692  0.976737  1.03791  1.09345  1.1476  1.20084  1.25239  1.30298  1.35399  1.40432  1.45348  1.50016  1.54568  1.59046  1.63546  1.68057  1.72554  1.77024  1.81327  1.85563  1.89543  1.93302  1.96869  2.0027  2.03522  2.06657  2.0963  2.12463  2.187  2.23152  2.26564  2.29272  2.31413  2.3304  2.34239  2.35085  2.35634  2.35931  2.36007  2.35887  2.35591  2.35144  2.34563  2.33867  2.33072  2.32183  2.31201  2.30123  2.28951  2.27681  2.26394  2.23197  2.21458  2.20455  2.19813  2.19341  2.18936  2.18544  2.18133  2.17684  2.17184  2.16626
0  0  0.714193  0.806624  0.976568  1.16387  1.30815  1.43079  1.53226  1.62432  1.7063  1.781  1.83811  1.81449  1.89555  1.95296  2.00267  2.04654  2.08469  2.1191  2.1493  2.17372  2.19378  2.21038  2.2242  2.2352  2.24287  2.24622  2.24581  2.24205  2.2353  2.22626  2.21504  2.2023  2.18796  2.1723  2.15544  2.13816  2.12019  2.10175  2.08305  2.03346  2.01031  2.00005  1.9966  1.99693  1.99924  2.00232  2.00542  2.00808  2.00999  2.01098  2.01097  2.00991  2.00782  2.00473  2.00069  1.99576  1.99004  1.98356  1.97638  1.96853  1.96001  1.95025  1.9384  1.91778  1.8963  1.87621  1.85804  1.84173  1.82694  1.8133  1.80049  1.78823  1.77631
0.1  0  0.143493  0.217545  0.324167  0.443061  0.568578  0.689272  0.802495  0.906749  1.00292  1.04969  1.1333  1.23884  1.2827  1.31687  1.36091  1.40012  1.43756  1.47139  1.50172  1.52856  1.55159  1.57099  1.58713  1.60044  1.6112  1.62097  1.62876  1.63429  1.63912  1.64233  1.64518  1.64662  1.64781  1.64775  1.64881  1.64807  1.64687  1.64554  1.6441  1.64027  1.62179  1.60286  1.58752  1.57622  1.56823  1.56254  1.55829  1.55476  1.55145  1.5481  1.54449  1.54056  1.53622  1.53146  1.52625  1.52061  1.51456  1.50815  1.50143  1.49444  1.4872  1.47978  1.47192  1.4651  1.45466  1.44136  1.42664  1.41096  1.39484  1.37856  1.36225  1.34596  1.32976
0.2  0  0  0.0113239  0.0247892  0.0533709  0.0934181  0.14288  0.197419  0.251324  0.303236  0.375237  0.422024  0.497898  0.564329  0.6162  0.658299  0.694518  0.726356  0.754724  0.780062  0.802693  0.822937  0.840859  0.856548  0.869989  0.887546  0.901383  0.91249  0.928183  0.940436  0.956451  0.968677  0.984302  0.996257  1.01138  1.02472  1.03982  1.05568  1.07174  1.0876  1.1029  1.12026  1.13419  1.14293  1.14668  1.14628  1.14301  1.13766  1.13091  1.12341  1.11532  1.107  1.09842  1.0898  1.08108  1.0724  1.0637  1.05509  1.04662  1.03822  1.02996  1.0219  1.01408  1.0066  0.999603  0.994294  0.990041  0.983397  0.974593  0.963754  0.951091  0.936866  0.921756  0.906211
0.3  0  0  -0.0085021  -0.016515  -0.0208087  -0.0163713  -0.00369364  0.0103402  0.0334118  0.0634965  0.0991531  0.148465  0.189526  0.233694  0.28461  0.335016  0.384884  0.432589  0.477988  0.520902  0.561315  0.599292  0.635069  0.668439  0.764684  0.783369  0.80239  0.889352  0.896962  0.972295  0.971711  1.03748  1.03397  1.09157  1.11858  1.15918  1.19203  1.21849  1.2398  1.25675  1.27027  1.2811  1.28935  1.29591  1.29951  1.30248  1.30285  1.30132  1.29999  1.29687  1.29409  1.2898  1.28597  1.28091  1.27635  1.27086  1.26586  1.2611  1.25559  1.2504  1.24538  1.24044  1.23554  1.23065  1.22579  1.22094  1.19407  1.17143  1.15179  1.13429  1.11828  1.10607  1.09788  1.09054
0.4  0  0  0  -0.000628932  -0.000433043  -0.00141874  -0.00124809  0.00845844  0.0223173  0.0410497  0.0653003  0.0923722  0.127029  0.164435  0.207217  0.255637  0.310672  0.372008  0.439276  0.511839  0.588945  0.669822  0.751491  0.832252  0.833239  0.918669  1.00077  0.991735  1.07274  1.06164  1.13672  1.12767  1.19252  1.17952  1.20115  1.20032  1.20272  1.20733  1.21098  1.21618  1.22227  1.22158  1.22367  1.22326  1.22634  1.22424  1.22329  1.22696  1.22521  1.2293  1.22736  1.23124  1.22945  1.23274  1.23131  1.23378  1.236  1.23451  1.23568  1.23657  1.23709  1.2372  1.23691  1.23627  1.23537  1.23423  1.2553  1.27322  1.2893  1.30446  1.31946  1.33203  1.34127  1.35022
0.5  0  0  0  0.000608264  0.00187372  0.00390049  0.00673909  0.0106901  0.0166226  0.0244367  0.0341685  0.0461896  0.0604402  0.0781493  0.0990716  0.123004  0.149396  0.178036  0.208688  0.241238  0.275732  0.298167  0.336233  0.378253  0.426032  0.451351  0.496977  0.548929  0.572182  0.622865  0.667636  0.690794  0.73265  0.778541  0.792935  0.829599  0.863775  0.873998  0.902483  0.9289  0.935234  0.953803  0.963344  0.97319  0.983935  0.997098  1.01155  1.02405  1.0388  1.05008  1.06466  1.07533  1.0893  1.09964  1.11268  1.12288  1.13196  1.14354  1.15326  1.16231  1.17107  1.17974  1.18845  1.19961  1.21041  1.2186  1.22792  1.23755  1.24756  1.26157  1.28547  1.30774  1.32627  1.34692
0.6  0  0  0  0  4.56136e-05  8.99343e-05  0.00026301  0.000622242  0.000950558  0.00136071  0.00191348  0.00263509  0.00375787  0.00533003  0.00764842  0.0108078  0.0149102  0.0199438  0.0258923  0.0288442  0.0332679  0.050582  0.0604537  0.0705173  0.0808374  0.110402  0.124624  0.144423  0.182859  0.200952  0.228905  0.274145  0.294776  0.329442  0.379449  0.399254  0.437049  0.488128  0.50628  0.548509  0.600004  0.619891  0.647067  0.676049  0.70434  0.733085  0.760618  0.787297  0.813955  0.839547  0.864453  0.888263  0.911238  0.933244  0.954462  0.974786  0.994629  1.01368  1.03196  1.04974  1.06679  1.08355  1.12594  1.1371  1.17469  1.1859  1.22196  1.23309  1.26827  1.27656  1.27506  1.2975  1.30442  1.32522
0.7  0  0  0  0  -4.27988e-05  -0.000172412  -0.000436382  -0.000877109  -0.00153674  -0.00245115  -0.00360966  -0.00497398  -0.00650449  -0.00814948  -0.00981912  -0.0114385  -0.0129152  -0.0141348  -0.0118136  -0.00460032  -0.000762267  0.0038255  0.00916792  0.0232516  0.0305189  0.0388959  0.0538147  0.064382  0.0769461  0.100685  0.115286  0.132381  0.188992  0.204591  0.223843  0.264885  0.284874  0.308361  0.395371  0.41241  0.433922  0.485543  0.531062  0.573032  0.612331  0.650551  0.687788  0.724172  0.759907  0.794963  0.829585  0.86353  0.896821  0.929203  0.96182  0.993111  1.02303  1.05145  1.07774  1.10243  1.13333  1.17582  1.19347  1.23397  1.24333  1.27853  1.28257  1.31135  1.31192  1.3353  1.35808  1.35025  1.36373  1.35705
0.8  0  0  0  0  0  -3.0906e-06  -9.10488e-06  -2.5857e-05  -6.27852e-05  -0.000110811  -0.000152796  -0.000156367  -7.03726e-05  0.000167407  0.000637583  0.00142991  0.00265553  0.00444365  0.00372415  0.00338715  0.00787369  0.0135518  0.0196308  0.0199178  0.0298949  0.0420207  0.0548225  0.0706094  0.0889846  0.108266  0.131642  0.157683  0.158771  0.194889  0.23554  0.277214  0.323394  0.371755  0.377345  0.430508  0.485029  0.539144  0.595507  0.639588  0.683959  0.727258  0.769239  0.815202  0.851049  0.891735  0.923593  0.959784  0.98874  1.02109  1.04793  1.07124  1.09219  1.1115  1.12966  1.1467  1.15459  1.14831  1.14084  1.13786  1.13688  1.14342  1.14665  1.15726  1.16278  1.17512  1.17917  1.19542  1.19997  1.21442
0.9  0  0  0  0  0  2.90538e-06  1.44089e-05  4.32352e-05  0.000101029  0.000202732  0.000367282  0.000617281  0.000980356  0.00149803  0.0022046  0.00315214  0.00440163  0.00602617  0.00811044  0.0105098  0.0129618  0.0158571  0.019231  0.0231437  0.0270557  0.0318495  0.0376199  0.0442665  0.0521408  0.0613695  0.0717679  0.0781215  0.0915341  0.101487  0.104532  0.115942  0.13037  0.147166  0.155137  0.176865  0.200014  0.224642  0.252059  0.275569  0.315328  0.356146  0.375868  0.407518  0.432082  0.46634  0.492019  0.52733  0.552413  0.568561  0.589771  0.614475  0.641492  0.670025  0.69949  0.729475  0.759732  0.78905  0.816351  0.839712  0.862394  0.8827  0.903889  0.921104  0.94203  0.958204  0.979064  0.981322  1.00485  1.0209
1  0  0  0  0  0  0  2.02764e-07  7.97902e-07  2.47202e-06  6.52253e-06  1.38244e-05  2.45599e-05  3.78909e-05  5.18291e-05  6.2983e-05  6.71446e-05  5.94881e-05  3.44771e-05  -1.40112e-05  6.3077e-05  0.00027683  0.000436518  0.000524584  0.00056581  0.000854877  0.000997792  0.000976649  0.000851699  0.000580235  0.000127975  -0.000439557  0.00438652  0.0042145  0.00483163  0.0115138  0.0118545  0.0114846  0.0107095  0.0205113  0.0222578  0.0240562  0.0230403  0.022924  0.0397389  0.0443519  0.0516067  0.0786309  0.0869932  0.117367  0.127399  0.160601  0.17235  0.208237  0.236061  0.264541  0.293704  0.323724  0.354621  0.386331  0.419318  0.452626  0.486182  0.5197  0.554117  0.586692  0.617894  0.648866  0.678034  0.706515  0.733537  0.759993  0.798919  0.81948  0.84049
1.1  0  0  0  0  0  0  -1.90586e-07  -1.12323e-06  -3.90036e-06  -1.03581e-05  -2.32834e-05  -4.66612e-05  -8.59313e-05  -0.000149043  -0.000244302  -0.000382807  -0.000577634  -0.000844247  -0.00120064  -0.00166738  -0.00225891  -0.00297339  -0.00382057  -0.00480861  -0.00594642  -0.00722414  -0.00866092  -0.0102718  -0.0120595  -0.0140359  -0.0162152  -0.0185956  -0.021007  -0.0207862  -0.0202724  -0.0197212  -0.0185679  -0.0167795  -0.0143724  -0.011905  -0.00813733  -0.00020196  0.00274619  0.0136667  0.0190364  0.0326  0.0375057  0.060146  0.0660052  0.0811359  0.0890469  0.107825  0.117827  0.160941  0.182847  0.20491  0.227261  0.250016  0.298136  0.32048  0.344169  0.36908  0.39508  0.422868  0.451401  0.48001  0.50979  0.540383  0.572086  0.603968  0.636519  0.668865  0.704129  0.737524
1.2  0  0  0  0  0  0  0  -1.29531e-08  -6.37187e-08  -2.19778e-07  -6.28736e-07  -1.49377e-06  -3.03306e-06  -5.44207e-06  -8.68293e-06  -1.24526e-05  -1.59542e-05  -1.76896e-05  -1.51693e-05  -4.56313e-06  1.08478e-05  2.77742e-05  5.46295e-05  0.00010389  0.000190068  0.000314484  0.000501204  0.000780571  0.00118627  0.00176191  0.00256212  0.00364754  0.00470634  0.00337334  0.00220094  0.00120613  0.000368079  -0.000267299  -0.000659815  0.00203363  0.00464307  0.00776044  0.0182704  0.0177862  0.0311172  0.0305796  0.0488489  0.0489081  0.063549  0.0783451  0.0961056  0.122227  0.151077  0.158039  0.1871  0.21754  0.249109  0.281132  0.286724  0.319542  0.352675  0.386136  0.419875  0.453833  0.488459  0.515802  0.544094  0.572573  0.601368  0.630542  0.659849  0.689871  0.719259  0.750724
1.3  0  0  0  0  0  0  0  1.21753e-08  8.32647e-08  3.28491e-07  9.77151e-07  2.43206e-06  5.34918e-06  1.08072e-05  2.02391e-05  3.57339e-05  6.01192e-05  9.71739e-05  0.000151858  0.000230585  0.000341572  0.000494773  0.000701054  0.000972994  0.00132523  0.00177494  0.00234114  0.00304629  0.00391675  0.00498285  0.00628018  0.00785061  0.0097423  0.0119892  0.0144652  0.0172173  0.0202867  0.0237048  0.0275057  0.0288857  0.0311188  0.0335902  0.0350951  0.0419725  0.0425774  0.0488305  0.0485462  0.0565155  0.0639625  0.0724691  0.0786981  0.0806091  0.0845339  0.085221  0.0925959  0.101373  0.111449  0.123242  0.127991  0.142677  0.158532  0.17535  0.193156  0.211944  0.218154  0.245245  0.272105  0.299594  0.309315  0.335521  0.360329  0.384887  0.409208  0.431403
1.4  0  0  0  0  0  0  0  0  8.11011e-10  4.78336e-09  1.84139e-08  5.72236e-08  1.49385e-07  3.39688e-07  6.80945e-07  1.2301e-06  2.03087e-06  3.09053e-06  4.34741e-06  5.62747e-06  6.58956e-06  7.15894e-06  7.5921e-06  7.88092e-06  7.56485e-06  5.69401e-06  1.67375e-06  -5.8546e-06  -1.93261e-05  -4.2352e-05  -8.01269e-05  -0.000139863  -0.000230911  -0.000343647  -0.000346982  -0.000236374  -1.59203e-06  0.000371804  0.000900268  0.00160244  0.00216715  0.0027577  0.00342097  0.00383156  0.00487241  0.00707903  0.00846407  0.00927674  0.0103883  0.0112907  0.0150996  0.0163654  0.0163599  0.0205235  0.0204755  0.0194622  0.018389  0.0172731  0.0243892  0.0252292  0.0252576  0.0257109  0.026483  0.0275052  0.0408735  0.0446621  0.0440612  0.0448916  0.062725  0.0690448  0.076338  0.0874629  0.0986668  0.111865
1.5  0  0  0  0  0  0  0  0  -7.62309e-10  -5.93486e-09  -2.62336e-08  -8.64032e-08  -2.36026e-07  -5.69852e-07  -1.24049e-06  -2.49588e-06  -4.71353e-06  -8.45039e-06  -1.45039e-05  -2.39869e-05  -3.84232e-05  -5.987e-05  -9.10261e-05  -0.0001353  -0.000196921  -0.000281076  -0.000394073  -0.000543463  -0.000738251  -0.00098913  -0.00130874  -0.00171194  -0.00221625  -0.00284209  -0.0036121  -0.00454447  -0.0056605  -0.0069834  -0.00853783  -0.010349  -0.0123565  -0.0146093  -0.0171179  -0.0198328  -0.0228987  -0.0260859  -0.0295518  -0.0329576  -0.0347102  -0.0365461  -0.0385963  -0.0410677  -0.042869  -0.0443962  -0.0458481  -0.0463328  -0.0467525  -0.0469369  -0.0468083  -0.0467236  -0.0445614  -0.0417386  -0.0380497  -0.0333267  -0.0274386  -0.0211276  -0.00850712  0.00492995  0.019369  0.0340247  0.0393836  0.0575839  0.0633487  0.0852966
1.6  0  0  0  0  0  0  0  0  0  -4.99244e-11  -3.43292e-10  -1.4681e-09  -4.955e-09  -1.41799e-08  -3.50392e-08  -7.68845e-08  -1.52695e-07  -2.78519e-07  -4.71437e-07  -7.4542e-07  -1.10433e-06  -1.53089e-06  -1.99831e-06  -2.4844e-06  -2.95055e-06  -3.30649e-06  -3.36832e-06  -2.85746e-06  -1.3305e-06  1.91975e-06  7.98072e-06  1.84737e-05  3.57523e-05  6.31319e-05  0.000103958  0.000154804  0.000211914  0.000270935  0.000326875  0.00037411  0.000406327  0.000421786  0.000411926  0.00036934  0.000306748  0.000215402  2.31019e-05  -0.000187102  -0.00205597  -0.00390063  -0.0057018  -0.00746514  -0.0090803  -0.00982976  -0.0100517  -0.0102262  -0.00986969  -0.00920947  -0.00826414  -0.00700407  -0.00573069  -0.0035615  -0.000764983  0.00263817  0.00670141  0.0115093  0.0168534  0.0240958  0.0326556  0.0424164  0.0642362  0.0625482  0.0884946  0.0869514
1.7  0  0  0  0  0  0  0  0  0  4.69264e-11  4.10005e-10  2.00774e-09  7.26031e-09  2.18017e-08  5.66791e-08  1.325e-07  2.85e-07  5.73238e-07  1.09088e-06  1.98137e-06  3.4585e-06  5.83411e-06  9.55331e-06  1.52385e-05  2.37403e-05  3.61985e-05  5.41162e-05  7.94503e-05  0.000114716  0.000163111  0.000228668  0.000316429  0.00043266  0.000585095  0.000783245  0.00103867  0.00136492  0.00177781  0.00229569  0.0029395  0.00373028  0.00468584  0.00582948  0.0071856  0.00877704  0.0106367  0.0127914  0.0152769  0.0180715  0.021122  0.0244916  0.0282506  0.0321677  0.0356718  0.0381141  0.040822  0.0436032  0.0467443  0.0502825  0.0541822  0.0582757  0.0620661  0.0658981  0.0698277  0.0738166  0.0778108  0.0819499  0.0845258  0.086117  0.0868765  0.0870457  0.0992629  0.0977726  0.109928
1.8  0  0  0  0  0  0  0  0  0  0  3.03037e-12  2.37982e-11  1.12433e-10  4.15316e-10  1.27569e-09  3.39832e-09  8.05637e-09  1.73261e-08  3.42975e-08  6.31776e-08  1.09181e-07  1.78047e-07  2.74908e-07  4.03809e-07  5.68095e-07  7.69808e-07  1.00732e-06  1.2709e-06  1.53849e-06  1.76803e-06  1.88476e-06  1.76254e-06  1.19718e-06  -1.30897e-07  -2.70676e-06  -7.1779e-06  -1.39619e-05  -2.31884e-05  -3.46287e-05  -4.76111e-05  -6.08885e-05  -7.2615e-05  -8.0618e-05  -8.22426e-05  -7.44848e-05  -5.50107e-05  -2.08391e-05  3.60526e-05  0.000120022  0.000319293  0.000638812  0.00108867  0.00168473  0.0024181  0.00426333  0.00613739  0.00807634  0.0100544  0.011869  0.0131461  0.0142119  0.0153687  0.0164225  0.0174006  0.0183321  0.0192275  0.0200864  0.0209604  0.0215549  0.0218318  0.0218064  0.0215503  0.0237685  0.0243923
1.9  0  0  0  0  0  0  0  0  0  0  -2.84833e-12  -2.76058e-11  -1.48527e-10  -5.91356e-10  -1.9114e-09  -5.33605e-09  -1.33333e-08  -3.05362e-08  -6.517e-08  -1.31176e-07  -2.51319e-07  -4.61667e-07  -8.17798e-07  -1.40334e-06  -2.34146e-06  -3.80982e-06  -6.05992e-06  -9.44174e-06  -1.44349e-05  -2.16876e-05  -3.20645e-05  -4.67053e-05  -6.70983e-05  -9.51668e-05  -0.000133378  -0.000184874  -0.000253621  -0.000344566  -0.000463815  -0.000618773  -0.000817647  -0.00106976  -0.00138666  -0.00178175  -0.00227035  -0.00286983  -0.00360034  -0.0044846  -0.00554834  -0.00681731  -0.0083167  -0.0100764  -0.0121305  -0.0145068  -0.0172103  -0.0202042  -0.0234955  -0.0271144  -0.0308783  -0.0344219  -0.0370284  -0.0399292  -0.0429605  -0.0461554  -0.0495265  -0.0530416  -0.0566043  -0.0601817  -0.0634577  -0.066337  -0.0687737  -0.0707618  -0.074175  -0.0758469
2  0  0  0  0  0  0  0  0  0  0  0  -1.81681e-13  -1.60639e-12  -8.42246e-12  -3.34014e-11  -1.09918e-10  -3.13466e-10  -7.961e-10  -1.83563e-09  -3.8987e-09  -7.7134e-09  -1.43413e-08  -2.52236e-08  -4.21672e-08  -6.7301e-08  -1.03052e-07  -1.5208e-07  -2.17063e-07  -3.002e-07  -4.02399e-07  -5.21921e-07  -6.52109e-07  -7.77791e-07  -8.6971e-07  -8.76206e-07  -7.11079e-07  -2.40271e-07  7.10767e-07  2.34696e-06  4.8889e-06  8.54102e-06  1.34654e-05  1.97793e-05  2.75317e-05  3.66814e-05  4.70762e-05  5.84785e-05  7.05183e-05  8.24001e-05  9.31057e-05  9.67274e-05  8.66368e-05  5.51882e-05  -6.47848e-06  -0.000107948  -0.000316321  -0.000641394  -0.00109272  -0.00168005  -0.00239841  -0.00421641  -0.00608486  -0.00802177  -0.010023  -0.011911  -0.0132025  -0.0142226  -0.0152067  -0.0161355  -0.016932  -0.0175367  -0.0179102  -0.0180348  -0.0183371
2.1  0  0  0  0  0  0  0  0  0  0  0  1.70798e-13  1.82106e-12  1.08074e-11  4.63043e-11  1.60733e-10  4.79656e-10  1.27616e-09  3.10099e-09  6.99905e-09  1.48573e-08  2.99499e-08  5.77601e-08  1.07197e-07  1.9236e-07  3.35048e-07  5.6826e-07  9.41012e-07  1.52484e-06  2.42245e-06  3.77918e-06  5.79777e-06  8.75763e-06  1.30393e-05  1.91558e-05  2.77923e-05  3.98559e-05  5.65363e-05  7.93822e-05  0.000110377  0.000151894  0.000206798  0.00027881  0.00037252  0.000493525  0.000648612  0.000845953  0.00109535  0.00140849  0.00179919  0.00228362  0.00288036  0.00361085  0.00449979  0.0055751  0.00686664  0.00840373  0.0102178  0.0123443  0.0148133  0.0176311  0.0207609  0.0242292  0.0280628  0.0321046  0.0358566  0.0387747  0.0419785  0.0454493  0.0491086  0.0528928  0.0567372  0.0605412  0.064603
2.2  0  0  0  0  0  0  0  0  0  0  0  0  1.08497e-14  1.07461e-13  6.10256e-13  2.59823e-12  9.12639e-12  2.77282e-11  7.4985e-11  1.84075e-10  4.16269e-10  8.77234e-10  1.73813e-09  3.26049e-09  5.82168e-09  9.93956e-09  1.62974e-08  2.57675e-08  3.94253e-08  5.85364e-08  8.45007e-08  1.18719e-07  1.62332e-07  2.1575e-07  2.77861e-07  3.4474e-07  4.07636e-07  4.5013e-07  4.45633e-07  3.55468e-07  1.28765e-07  -2.95365e-07  -9.8692e-07  -2.02115e-06  -3.47299e-06  -5.40962e-06  -7.88072e-06  -1.09088e-05  -1.44756e-05  -1.84908e-05  -2.27691e-05  -2.67452e-05  -2.94009e-05  -2.91721e-05  -2.3836e-05  -1.04086e-05  1.80944e-05  6.96617e-05  0.000153345  0.000279462  0.000459267  0.000757307  0.00118342  0.00174839  0.00246311  0.00333327  0.00514381  0.00701436  0.00895676  0.0109814  0.0129169  0.0142921  0.0153785  0.016403
2.3  0  0  0  0  0  0  0  0  0  0  0  0  -1.01758e-14  -1.19601e-13  -7.63749e-13  -3.51491e-12  -1.30446e-11  -4.14555e-11  -1.17037e-10  -3.00776e-10  -7.15929e-10  -1.59895e-09  -3.38363e-09  -6.83602e-09  -1.32651e-08  -2.48443e-08  -4.50931e-08  -7.95845e-08  -1.36967e-07  -2.30416e-07  -3.7966e-07  -6.13781e-07  -9.75028e-07  -1.52394e-06  -2.34625e-06  -3.56193e-06  -5.33713e-06  -7.89954e-06  -1.15584e-05  -1.67279e-05  -2.39318e-05  -3.38333e-05  -4.73181e-05  -6.55258e-05  -8.99087e-05  -0.000122305  -0.000165029  -0.000220969  -0.000293715  -0.000387693  -0.000508334  -0.000662258  -0.000857467  -0.00110358  -0.00141212  -0.00179674  -0.00227349  -0.00286088  -0.00358015  -0.00445563  -0.0055146  -0.00678603  -0.0082965  -0.0100745  -0.0121486  -0.0145437  -0.017261  -0.0202732  -0.0236085  -0.0272953  -0.0311874  -0.0348357  -0.0376487  -0.0406946
2.4  0  0  0  0  0  0  0  0  0  0  0  0  0  -6.77973e-16  -6.99676e-15  -4.30309e-14  -1.96306e-13  -7.33857e-13  -2.36646e-12  -6.78298e-12  -1.76375e-11  -4.22406e-11  -9.42542e-11  -1.97717e-10  -3.92686e-10  -7.42633e-10  -1.34365e-09  -2.33567e-09  -3.91575e-09  -6.3529e-09  -1.00033e-08  -1.53228e-08  -2.28736e-08  -3.33151e-08  -4.73686e-08  -6.57329e-08  -8.89199e-08  -1.1696e-07  -1.48926e-07  -1.82256e-07  -2.11838e-07  -2.29373e-07  -2.22734e-07  -1.74961e-07  -6.35465e-08  1.40082e-07  4.70813e-07  9.69714e-07  1.68351e-06  2.66352e-06  3.96302e-06  5.63356e-06  7.7056e-06  1.01645e-05  1.29204e-05  1.57709e-05  1.83566e-05  1.9934e-05  1.93031e-05  1.47251e-05  3.82374e-06  -1.64998e-05  -5.30365e-05  -0.000113421  -0.000206112  -0.000340731  -0.000527529  -0.000822325  -0.00123453  -0.00177455  -0.0024539  -0.00327514  -0.0050474  -0.00687993
2.5  0  0  0  0  0  0  0  0  0  0  0  0  0  6.44074e-16  7.69838e-15  5.27493e-14  2.59793e-13  1.02699e-12  3.4639e-12  1.03441e-11  2.80381e-11  7.02222e-11  1.64645e-10  3.64994e-10  7.70977e-10  1.56138e-09  3.04706e-09  5.7542e-09  1.05524e-08  1.8848e-08  3.28713e-08  5.60955e-08  9.38408e-08  1.5413e-07  2.48896e-07  3.95651e-07  6.19787e-07  9.57677e-07  1.4609e-06  2.20152e-06  3.27537e-06  4.80937e-06  6.97811e-06  1.0015e-05  1.42293e-05  2.00275e-05  2.79408e-05  3.86591e-05  5.30715e-05  7.23172e-05  9.7847e-05  0.000131498  0.000175583  0.000232997  0.000307343  0.000403084  0.000525714  0.000681957  0.000879989  0.00112969  0.00144292  0.00183385  0.00231855  0.00291524  0.00364388  0.00452877  0.0055971  0.00687787  0.00840025  0.0101969  0.0123043  0.0147533  0.0175504  0.0206678
2.6  0  0  0  0  0  0  0  0  0  0  0  0  0  0  6.68655e-17  4.97817e-16  2.99866e-15  1.44777e-14  5.7356e-14  1.95661e-13  5.92553e-13  1.62618e-12  4.10772e-12  9.66155e-12  2.13533e-11  4.4669e-11  8.89653e-11  1.69527e-10  3.10383e-10  5.48035e-10  9.36276e-10  1.55214e-09  2.50299e-09  3.93439e-09  6.03806e-09  9.05843e-09  1.32948e-08  1.90942e-08  2.68278e-08  3.68339e-08  4.92806e-08  6.40398e-08  8.05804e-08  9.76872e-08  1.13162e-07  1.23482e-07  1.23413e-07  1.05598e-07  6.01413e-08  -2.5769e-08  -1.68178e-07  -3.865e-07  -7.03385e-07  -1.14341e-06  -1.73023e-06  -2.48163e-06  -3.40206e-06  -4.47168e-06  -5.62175e-06  -6.70364e-06  -7.45039e-06  -7.42893e-06  -5.98476e-06  -2.02135e-06  6.06772e-06  2.05021e-05  4.42273e-05  8.10117e-05  0.000138035  0.000223511  0.000346843  0.000518818  0.000751257  0.0011004
2.7  0  0  0  0  0  0  0  0  0  0  0  0  0  0  -6.68655e-17  -5.30967e-16  -3.65702e-15  -1.88315e-14  -7.87897e-14  -2.81049e-13  -8.85307e-13  -2.52531e-12  -6.6405e-12  -1.63119e-11  -3.78093e-11  -8.33541e-11  -1.75893e-10  -3.57133e-10  -7.00743e-10  -1.33355e-09  -2.46894e-09  -4.45847e-09  -7.87048e-09  -1.36074e-08  -2.30799e-08  -3.84597e-08  -6.30445e-08  -1.01774e-07  -1.61962e-07  -2.5427e-07  -3.93564e-07  -6.00382e-07  -9.03909e-07  -1.34461e-06  -1.97804e-06  -2.8799e-06  -4.15256e-06  -5.93354e-06  -8.4062e-06  -1.18135e-05  -1.64751e-05  -2.28093e-05  -3.136e-05  -4.28305e-05  -5.81252e-05  -7.84005e-05  -0.000105127  -0.000140165  -0.000185858  -0.000245137  -0.000321657  -0.000419945  -0.000545414  -0.000704562  -0.000904954  -0.00115603  -0.00146905  -0.00185732  -0.00233644  -0.00292436  -0.00364175  -0.00451226  -0.00556241  -0.00682034
2.8  0  0  0  0  0  0  0  0  0  0  0  0  0  0  0  0  3.29058e-17  -9.7909e-17  -9.43764e-16  -4.24676e-15  -1.55681e-14  -4.99773e-14  -1.44846e-13  -3.84955e-13  -9.51424e-13  -2.20737e-12  -4.84476e-12  -1.012e-11  -2.02206e-11  -3.88116e-11  -7.18269e-11  -1.28579e-10  -2.23282e-10  -3.77055e-10  -6.20531e-10  -9.97062e-10  -1.56652e-09  -2.40944e-09  -3.63103e-09  -5.36342e-09  -7.75665e-09  -1.09713e-08  -1.51787e-08  -2.05302e-08  -2.71166e-08  -3.49113e-08  -4.36895e-08  -5.29215e-08  -6.16355e-08  -6.82479e-08  -7.03601e-08  -6.45225e-08  -4.59709e-08  -8.34589e-09  5.65436e-08  1.5883e-07  3.10454e-07  5.24644e-07  8.14807e-07  1.19205e-06  1.66096e-06  2.21303e-06  2.81654e-06  3.4045e-06  3.84971e-06  3.93738e-06  3.32718e-06  1.50942e-06  -2.24565e-06  -9.08341e-06  -2.06387e-05  -3.91224e-05  -6.74226e-05  -0.000109192
2.9  0  0  0  0  0  0  0  0  0  0  0  0  0  0  0  0  0  1.63519e-16  1.26964e-15  5.9003e-15  2.21889e-14  7.36418e-14  2.20677e-13  6.08093e-13  1.56203e-12  3.77907e-12  8.68141e-12  1.90608e-11  4.02123e-11  8.1879e-11  1.6151e-10  3.09595e-10  5.78259e-10  1.0548e-09  1.88281e-09  3.29442e-09  5.65907e-09  9.55591e-09  1.58807e-08  2.59964e-08  4.18936e-08  6.64412e-08  1.03856e-07  1.60206e-07  2.44124e-07  3.67789e-07  5.48246e-07  8.09158e-07  1.18313e-06  1.71475e-06  2.46461e-06  3.51447e-06  4.97397e-06  6.98926e-06  9.75404e-06  1.35235e-05  1.8632e-05  2.55155e-05  3.47392e-05  4.70324e-05  6.33319e-05  8.48354e-05  0.000113028  0.000149757  0.000197266  0.000258428  0.000336797  0.000436753  0.000563662  0.000724064  0.000925882  0.00117865  0.00149381  0.00188497
3  0  0  0  0  0  0  0  0  0  0  0  0  0  0  0  0  0  0  -3.25329e-17  -3.25329e-17  1.93249e-16  1.09368e-15  4.01321e-15  1.24353e-14  3.48178e-14  9.02932e-14  2.19591e-13  5.04365e-13  1.10169e-12  2.3007e-12  4.61365e-12  8.91693e-12  1.66643e-11  3.01983e-11  5.31968e-11  9.12951e-11  1.52932e-10  2.50459e-10  4.0157e-10  6.30946e-10  9.7096e-10  1.46296e-09  2.16065e-09  3.13023e-09  4.44977e-09  6.20665e-09  8.49176e-09  1.13889e-08  1.49574e-08  1.92071e-08  2.40613e-08  2.93076e-08  3.45327e-08  3.9039e-08  4.17415e-08  4.10464e-08  3.47183e-08  1.97501e-08  -7.74275e-09  -5.25651e-08  -1.2034e-07  -2.17149e-07  -3.48579e-07  -5.18323e-07  -7.25785e-07  -9.63047e-07  -1.20888e-06  -1.42057e-06  -1.52266e-06  -1.39189e-06  -8.29952e-07  4.70049e-07  2.96486e-06  7.31175e-06
3.1  0  0  0  0  0  0  0  0  0  0  0  0  0  0  0  0  0  0  0  -6.47645e-17  -3.8731e-16  -1.64148e-15  -5.90849e-15  -1.86857e-14  -5.39541e-14  -1.44944e-13  -3.65727e-13  -8.74423e-13  -1.99528e-12  -4.36884e-12  -9.22112e-12  -1.88327e-11  -3.73383e-11  -7.20606e-11  -1.35697e-10  -2.49841e-10  -4.50562e-10  -7.97097e-10  -1.38526e-09  -2.36735e-09  -3.97619e-09  -6.56195e-09  -1.06581e-08  -1.70612e-08  -2.69466e-08  -4.20317e-08  -6.48027e-08  -9.88281e-08  -1.49186e-07  -2.23044e-07  -3.30447e-07  -4.85367e-07  -7.07109e-07  -1.02217e-06  -1.46668e-06  -2.08965e-06  -2.95708e-06  -4.15745e-06  -5.80868e-06  -8.06711e-06  -1.11391e-05  -1.52954e-05  -2.08827e-05  -2.83443e-05  -3.82353e-05  -5.12821e-05  -6.84087e-05  -9.07856e-05  -0.000119889  -0.000157571  -0.000206147  -0.0002685  -0.000348194  -0.000449626
3.2  0  0  0  0  0  0  0  0  0  0  0  0  0  0  0  0  0  0  0  0  0  -3.21581e-17  -9.63237e-17  -3.52508e-16  -1.08793e-15  -3.06806e-15  -8.26933e-15  -2.11223e-14  -5.07142e-14  -1.15521e-13  -2.51445e-13  -5.25327e-13  -1.05734e-12  -2.05692e-12  -3.87845e-12  -7.10585e-12  -1.26786e-11  -2.20719e-11  -3.75547e-11  -6.25322e-11  -1.01867e-10  -1.62344e-10  -2.53539e-10  -3.88529e-10  -5.84754e-10  -8.64922e-10  -1.25784e-09  -1.79895e-09  -2.53032e-09  -3.49971e-09  -4.75812e-09  -6.35521e-09  -8.33175e-09  -1.07079e-08  -1.34662e-08  -1.65276e-08  -1.97196e-08  -2.27343e-08  -2.50771e-08  -2.60052e-08  -2.446e-08  -1.8999e-08  -7.75783e-09  1.15393e-08  4.14682e-08  8.47902e-08  1.44048e-07  2.20858e-07  3.1473e-07  4.21235e-07  5.29272e-07  6.16741e-07  6.44207e-07  5.46032e-07
3.3  0  0  0  0  0  0  0  0  0  0  0  0  0  0  0  0  0  0  0  0  0  0  6.41656e-17  3.84397e-16  1.4076e-15  4.53747e-15  1.28659e-14  3.41386e-14  8.52868e-14  2.02334e-13  4.59441e-13  1.00439e-12  2.12205e-12  4.34779e-12  8.66277e-12  1.6826e-11  3.19281e-11  5.92948e-11  1.07947e-10  1.92881e-10  3.38102e-10  5.81306e-10  9.8211e-10  1.63298e-09  2.67547e-09  4.32394e-09  6.89962e-09  1.08793e-08  1.69637e-08  2.61745e-08  3.99877e-08  6.05199e-08  9.07832e-08  1.35034e-07  1.99244e-07  2.91739e-07  4.24051e-07  6.12059e-07  8.77495e-07  1.24995e-06  1.76947e-06  2.49006e-06  3.48271e-06  4.84074e-06  6.68433e-06  9.17393e-06  1.25188e-05  1.69907e-05  2.29411e-05  3.08222e-05  4.12142e-05  5.48578e-05  7.2695e-05  9.5919e-05
3.4  0  0  0  0  0  0  0  0  0  0  0  0  0  0  0  0  0  0  0  0  0  0  0  0  0  0  1.91458e-16  7.01749e-16  1.91349e-15  4.81574e-15  1.16439e-14  2.64906e-14  5.76164e-14  1.20476e-13  2.43368e-13  4.7643e-13  9.05797e-13  1.67629e-12  3.02545e-12  5.33364e-12  9.18312e-12  1.54432e-11  2.54188e-11  4.10168e-11  6.49708e-11  1.01128e-10  1.54805e-10  2.3321e-10  3.45916e-10  5.05365e-10  7.27353e-10  1.0314e-09  1.44092e-09  1.98292e-09  2.68714e-09  3.58408e-09  4.70167e-09  6.05994e-09  7.66303e-09  9.48795e-09  1.14692e-08  1.34787e-08  1.52982e-08  1.65953e-08  1.68972e-08  1.55715e-08  1.18033e-08  4.5993e-09  -7.16705e-09  -2.46414e-08  -4.8763e-08  -7.98706e-08  -1.17038e-07  -1.57006e-07
3.5  0  0  0  0  0  0  0  0  0  0  0  0  0  0  0  0  0  0  0  0  0  0  0  0  0  -6.3875e-17  -3.19152e-16  -1.0527e-15  -3.02974e-15  -7.90935e-15  -1.9715e-14  -4.67264e-14  -1.05942e-13  -2.31597e-13  -4.90224e-13  -1.00789e-12  -2.01787e-12  -3.94331e-12  -7.53589e-12  -1.41046e-11  -2.58452e-11  -4.63615e-11  -8.15795e-11  -1.41056e-10  -2.39986e-10  -4.02231e-10  -6.64833e-10  -1.08468e-09  -1.74821e-09  -2.78553e-09  -4.39067e-09  -6.85044e-09  -1.05854e-08  -1.62072e-08  -2.4599e-08  -3.7027e-08  -5.52934e-08  -8.1947e-08  -1.2057e-07  -1.76165e-07  -2.55684e-07  -3.68728e-07  -5.28276e-07  -7.51818e-07  -1.06249e-06  -1.4918e-06  -2.08183e-06  -2.88852e-06  -3.98583e-06  -5.47126e-06  -7.47266e-06  -1.01571e-05  -1.37418e-05  -1.85086e-05
3.6  0  0  0  0  0  0  0  0  0  0  0  0  0  0  0  0  0  0  0  0  0  0  0  0  0  0  0  -3.18932e-17  -6.37811e-17  -2.23245e-16  -5.10409e-16  -1.11705e-15  -2.68293e-15  -6.04183e-15  -1.3088e-14  -2.7488e-14  -5.59776e-14  -1.10471e-13  -2.11964e-13  -3.96101e-13  -7.21046e-13  -1.27932e-12  -2.21757e-12  -3.76281e-12  -6.25998e-12  -1.0224e-11  -1.64112e-11  -2.59141e-11  -4.02854e-11  -6.16951e-11  -9.3125e-11  -1.38602e-10  -2.03465e-10  -2.94661e-10  -4.21036e-10  -5.93604e-10  -8.25715e-10  -1.13305e-09  -1.53334e-09  -2.04559e-09  -2.68864e-09  -3.47883e-09  -4.42503e-09  -5.5239e-09  -6.752e-09  -8.06143e-09  -9.36675e-09  -1.05328e-08  -1.13617e-08  -1.15821e-08  -1.08432e-08  -8.72063e-09  -4.74396e-09  1.53847e-09
3.7  0  0  0  0  0  0  0  0  0  0  0  0  0  0  0  0  0  0  0  0  0  0  0  0  0  0  0  0  3.18879e-17  1.91352e-16  5.74238e-16  1.62787e-15  4.3442e-15  1.05182e-14  2.40981e-14  5.31547e-14  1.13185e-13  2.34042e-13  4.71376e-13  9.26781e-13  1.77934e-12  3.33655e-12  6.12501e-12  1.1029e-11  1.95101e-11  3.39511e-11  5.8187e-11  9.83161e-11  1.63926e-10  2.69928e-10  4.3928e-10  7.06991e-10  1.12596e-09  1.77546e-09  2.77326e-09  4.29301e-09  6.58877e-09  1.00297e-08  1.51484e-08  2.27083e-08  3.37974e-08  4.99564e-08  7.33232e-08  1.06852e-07  1.54553e-07  2.22e-07  3.16811e-07  4.4934e-07  6.33595e-07  8.8844e-07  1.23917e-06  1.71955e-06  2.37447e-06  3.26336e-06
3.8  0  0  0  0  0  0  0  0  0  0  0  0  0  0  0  0  0  0  0  0  0  0  0  0  0  0  0  0  0  0  3.19071e-17  3.19071e-17  6.38639e-17  2.23812e-16  5.7612e-16  1.28169e-15  2.85552e-15  6.13669e-15  1.27418e-14  2.55488e-14  4.9483e-14  9.29316e-14  1.69973e-13  3.0345e-13  5.30186e-13  9.08011e-13  1.52648e-12  2.52209e-12  4.09919e-12  6.55974e-12  1.03429e-11  1.60778e-11  2.4653e-11  3.73042e-11  5.57239e-11  8.21942e-11  1.19742e-10  1.72314e-10  2.4496e-10  3.44018e-10  4.77263e-10  6.53987e-10  8.84644e-10  1.18058e-09  1.55304e-09  2.01333e-09  2.57074e-09  3.23042e-09  3.99038e-09  4.83771e-09  5.74392e-09  6.65977e-09  7.51005e-09  8.1897e-09
3.9  0  0  0  0  0  0  0  0  0  0  0  0  0  0  0  0  0  0  0  0  0  0  0  0  0  0  0  0  0  0  0  0  -6.39135e-17  -3.1983e-16  -8.64307e-16  -2.2113e-15  -5.29473e-15  -1.20179e-14  -2.60981e-14  -5.44541e-14  -1.10204e-13  -2.16795e-13  -4.16258e-13  -7.82026e-13  -1.44076e-12  -2.60674e-12  -4.63796e-12  -8.12495e-12  -1.40283e-11  -2.38934e-11  -4.01788e-11  -6.67539e-11  -1.09649e-10  -1.78175e-10  -2.86577e-10  -4.56463e-10  -7.20346e-10  -1.12676e-09  -1.74764e-09  -2.68881e-09  -4.10494e-09  -6.22066e-09  -9.3559e-09  -1.39639e-08  -2.06754e-08  -3.03863e-08  -4.43487e-08  -6.43032e-08  -9.26569e-08  -1.32722e-07  -1.89037e-07  -2.67789e-07  -3.77375e-07  -5.29147e-07
4  0  0  0  0  0  0  0  0  0  0  0  0  0  0  0  0  0  0  0  0  0  0  0  0  0  0  0  0  0  0  0  0  0  0  -3.20281e-17  -6.40994e-17  -1.60456e-16  -2.8913e-16  -5.79112e-16  -1.41786e-15  -2.89766e-15  -5.83899e-15  -1.13442e-14  -2.15239e-14  -3.96147e-14  -7.12711e-14  -1.25788e-13  -2.17483e-13  -3.69471e-13  -6.17224e-13  -1.01497e-12  -1.64443e-12  -2.6268e-12  -4.13968e-12  -6.43913e-12  -9.89042e-12  -1.50068e-11  -2.24994e-11  -3.33412e-11  -4.88436e-11  -7.07494e-11  -1.0134e-10  -1.43494e-10  -2.00795e-10  -2.77532e-10  -3.78979e-10  -5.11325e-10  -6.8161e-10  -8.97554e-10  -1.1672e-09  -1.49834e-09  -1.89764e-09  -2.36945e-09  -2.91422e-09
4.1  0  0  0  0  0  0  0  0  0  0  0  0  0  0  0  0  0  0  0  0  0  0  0  0  0  0  0  0  0  0  0  0  0  0  0  3.20713e-17  1.60547e-16  4.50063e-16  1.12669e-15  2.73966e-15  5.92445e-15  1.24465e-14  2.52709e-14  4.99747e-14  9.63403e-14  1.81904e-13  3.36852e-13  6.13007e-13  1.09763e-12  1.93618e-12  3.36778e-12  5.78142e-12  9.80265e-12  1.64273e-11  2.72252e-11  4.46478e-11  7.24899e-11  1.16575e-10  1.85769e-10  2.93467e-10  4.59757e-10  7.1456e-10  1.10162e-09  1.68445e-09  2.55373e-09  3.84106e-09  5.73458e-09  8.50174e-09  1.25207e-08  1.83231e-08  2.66529e-08  3.85461e-08  5.54382e-08  7.93093e-08
4.2  0  0  0  0  0  0  0  0  0  0  0  0  0  0  0  0  0  0  0  0  0  0  0  0  0  0  0  0  0  0  0  0  0  0  0  0  0  0  0  6.45188e-17  1.61028e-16  3.52854e-16  7.02899e-16  1.33714e-15  2.60223e-15  4.87468e-15  9.09738e-15  1.65891e-14  2.96113e-14  5.16826e-14  8.87756e-14  1.4998e-13  2.49462e-13  4.09026e-13  6.61409e-13  1.05565e-12  1.66384e-12  2.5909e-12  3.98736e-12  6.06682e-12  9.12858e-12  1.35875e-11  2.00017e-11  2.91139e-11  4.18857e-11  5.95875e-11  8.38499e-11  1.16734e-10  1.60804e-10  2.19191e-10  2.95649e-10  3.9457e-10  5.2097e-10  6.8039e-10
4.3  0  0  0  0  0  0  0  0  0  0  0  0  0  0  0  0  0  0  0  0  0  0  0  0  0  0  0  0  0  0  0  0  0  0  0  0  0  0  0  -6.45188e-17  -1.93197e-16  -5.12907e-16  -1.24482e-15  -2.70358e-15  -5.58166e-15  -1.11996e-14  -2.18509e-14  -4.1745e-14  -7.80749e-14  -1.43283e-13  -2.58554e-13  -4.59646e-13  -8.05695e-13  -1.39403e-12  -2.38283e-12  -4.02669e-12  -6.73106e-12  -1.11362e-11  -1.82436e-11  -2.9608e-11  -4.76225e-11  -7.59447e-11  -1.20063e-10  -1.88151e-10  -2.92176e-10  -4.49892e-10  -6.87276e-10  -1.04209e-09  -1.56892e-09  -2.34621e-09  -3.48608e-09  -5.14795e-09  -7.55734e-09  -1.10318e-08
4.4  0  0  0  0  0  0  0  0  0  0  0  0  0  0  0  0  0  0  0  0  0  0  0  0  0  0  0  0  0  0  0  0  0  0  0  0  0  0  0  0  0  0  3.18223e-17  3.18223e-17  -3.14323e-17  -1.89241e-16  -4.72855e-16  -1.00798e-15  -1.95161e-15  -3.58653e-15  -6.69856e-15  -1.18854e-14  -2.08463e-14  -3.57867e-14  -6.0553e-14  -1.00607e-13  -1.64984e-13  -2.66687e-13  -4.25637e-13  -6.7136e-13  -1.04705e-12  -1.615e-12  -2.46345e-12  -3.71551e-12  -5.53915e-12  -8.16725e-12  -1.19155e-11  -1.72066e-11  -2.46001e-11  -3.48283e-11  -4.88369e-11  -6.78318e-11  -9.33297e-11  -1.2721e-10
4.5  0  0  0  0  0  0  0  0  0  0  0  0  0  0  0  0  0  0  0  0  0  0  0  0  0  0  0  0  0  0  0  0  0  0  0  0  0  0  0  0  0  0  0  6.34243e-17  1.89933e-16  5.05551e-16  1.10429e-15  2.33193e-15  4.75392e-15  9.24994e-15  1.77687e-14  3.30463e-14  6.03379e-14  1.08304e-13  1.91666e-13  3.34531e-13  5.76945e-13  9.83316e-13  1.65778e-12  2.76638e-12  4.57156e-12  7.48499e-12  1.21412e-11  1.95093e-11  3.10451e-11  4.89576e-11  7.65549e-11  1.18758e-10  1.82838e-10  2.79478e-10  4.2428e-10  6.39898e-10  9.59053e-10  1.42876e-09
4.6  0  0  0  0  0  0  0  0  0  0  0  0  0  0  0  0  0  0  0  0  0  0  0  0  0  0  0  0  0  0  0  0  0  0  0  0  0  0  0  0  0  0  0  0  0  0  0  3.14779e-17  9.43869e-17  1.88709e-16  3.45882e-16  7.23107e-16  1.44627e-15  2.67295e-15  4.81286e-15  8.43406e-15  1.44527e-14  2.44495e-14  4.06728e-14  6.66731e-14  1.07879e-13  1.7243e-13  2.72167e-13  4.24648e-13  6.54609e-13  9.978e-13  1.50483e-12  2.24632e-12  3.32016e-12  4.86042e-12  7.04915e-12  1.01307e-11  1.44296e-11  2.03729e-11
4.7  0  0  0  0  0  0  0  0  0  0  0  0  0  0  0  0  0  0  0  0  0  0  0  0  0  0  0  0  0  0  0  0  0  0  0  0  0  0  0  0  0  0  0  0  0  0  0  -6.29557e-17  -1.88774e-16  -4.40299e-16  -9.1182e-16  -1.91775e-15  -3.77282e-15  -7.29561e-15  -1.36524e-14  -2.49253e-14  -4.48403e-14  -7.94351e-14  -1.38584e-13  -2.38667e-13  -4.06242e-13  -6.84108e-13  -1.14003e-12  -1.88031e-12  -3.06861e-12  -4.95922e-12  -7.94201e-12  -1.26106e-11  -1.98623e-11  -3.10449e-11  -4.81696e-11  -7.42204e-11  -1.13598e-10  -1.72759e-10
4.8  0  0  0  0  0  0  0  0  0  0  0  0  0  0  0  0  0  0  0  0  0  0  0  0  0  0  0  0  0  0  0  0  0  0  0  0  0  0  0  0  0  0  0  0  0  0  0  0  0  0  -3.14347e-17  -6.28701e-17  -1.57196e-16  -1.88649e-16  -3.45995e-16  -6.60882e-16  -1.13355e-15  -1.92194e-15  -3.37383e-15  -5.80642e-15  -9.91752e-15  -1.65341e-14  -2.70427e-14  -4.36058e-14  -6.95035e-14  -1.09483e-13  -1.70697e-13  -2.632e-13  -4.0164e-13  -6.06891e-13  -9.08433e-13  -1.34719e-12  -1.98011e-12  -2.8852e-12
4.9  0  0  0  0  0  0  0  0  0  0  0  0  0  0  0  0  0  0  0  0  0  0  0  0  0  0  0  0  0  0  0  0  0  0  0  0  0  0  0  0  0  0  0  0  0  0  0  0  0  0  0  3.14354e-17  1.25761e-16  2.83028e-16  6.60659e-16  1.44788e-15  2.86587e-15  5.45181e-15  1.01862e-14  1.84633e-14  3.28838e-14  5.74191e-14  9.87888e-14  1.67823e-13  2.8159e-13  4.67219e-13  7.67421e-13  1.24864e-12  2.01373e-12  3.22061e-12  5.11033e-12  8.0482e-12  1.25847e-11  1.95442e-11
5  0  0  0  0  0  0  0  0  0  0  0  0  0  0  0  0  0  0  0  0  0  0  0  0  0  0  0  0  0  0  0  0  0  0  0  0  0  0  0  0  0  0  0  0  0  0  0  0  0  0  0  0  0  0  0  0  0  3.15358e-17  9.46614e-17  2.2103e-16  5.37268e-16  1.10712e-15  2.08835e-15  3.73201e-15  6.37849e-15  1.06216e-14  1.72733e-14  2.76453e-14  4.37059e-14  6.82672e-14  1.05487e-13  1.61402e-13  2.44622e-13  3.67303e-13
5.1  0  0  0  0  0  0  0  0  0  0  0  0  0  0  0  0  0  0  0  0  0  0  0  0  0  0  0  0  0  0  0  0  0  0  0  0  0  0  0  0  0  0  0  0  0  0  0  0  0  0  0  0  0  0  0  -6.29774e-17  -1.25999e-16  -2.52143e-16  -5.67771e-16  -1.07324e-15  -2.14845e-15  -4.07961e-15  -7.52973e-15  -1.35354e-14  -2.37118e-14  -4.07157e-14  -6.87969e-14  -1.14954e-13  -1.90154e-13  -3.11709e-13  -5.0644e-13  -8.161e-13  -1.30488e-12  -2.07087e-12
5.2  0  0  0  0  0  0  0  0  0  0  0  0  0  0  0  0  0  0  0  0  0  0  0  0  0  0  0  0  0  0  0  0  0  0  0  0  0  0  0  0  0  0  0  0  0  0  0  0  0  0  0  0  0  0  0  0  0  0  0  -6.31841e-17  -9.4808e-17  -1.58125e-16  -2.2143e-16  -3.16256e-16  -4.42279e-16  -7.56585e-16  -1.47822e-15  -2.57497e-15  -4.29687e-15  -6.92508e-15  -1.11162e-14  -1.75896e-14  -2.74721e-14  -4.24241e-14
5.3  0  0  0  0  0  0  0  0  0  0  0  0  0  0  0  0  0  0  0  0  0  0  0  0  0  0  0  0  0  0  0  0  0  0  0  0  0  0  0  0  0  0  0  0  0  0  0  0  0  0  0  0  0  0  0  0  0  0  0  3.15921e-17  6.32159e-17  1.89849e-16  4.11417e-16  8.22332e-16  1.57847e-15  2.92999e-15  5.34591e-15  9.38821e-15  1.61819e-14  2.75082e-14  4.62118e-14  7.664e-14  1.25834e-13  2.0466e-13
5.4  0  0  0  0  0  0  0  0  0  0  0  0  0  0  0  0  0  0  0  0  0  0  0  0  0  0  0  0  0  0  0  0  0  0  0  0  0  0  0  0  0  0  0  0  0  0  0  0  0  0  0  0  0  0  0  0  0  0  0  0  0  0  0  0  3.15058e-17  3.15058e-17  6.28814e-17  1.56888e-16  3.13424e-16  5.6373e-16  9.70331e-16  1.59578e-15  2.62782e-15  4.25439e-15
5.5  0  0  0  0  0  0  0  0  0  0  0  0  0  0  0  0  0  0  0  0  0  0  0  0  0  0  0  0  0  0  0  0  0  0  0  0  0  0  0  0  0  0  0  0  0  0  0  0  0  0  0  0  0  0  0  0  0  0  0  0  0  0  0  0  -6.30115e-17  -1.25873e-16  -2.51375e-16  -5.33396e-16  -1.03431e-15  -1.97296e-15  -3.56808e-15  -6.19498e-15  -1.0761e-14  -1.82995e-14
5.6  0  0  0  0  0  0  0  0  0  0  0  0  0  0  0  0  0  0  0  0  0  0  0  0  0  0  0  0  0  0  0  0  0  0  0  0  0  0  0  0  0  0  0  0  0  0  0  0  0  0  0  0  0  0  0  0  0  0  0  0  0  0  0  0  0  0  0  0  -3.13072e-17  -6.25954e-17  -1.56426e-16  -2.81517e-16  -3.75338e-16  -5.31739e-16
5.7  0  0  0  0  0  0  0  0  0  0  0  0  0  0  0  0  0  0  0  0  0  0  0  0  0  0  0  0  0  0  0  0  0  0  0  0  0  0  0  0  0  0  0  0  0  0  0  0  0  0  0  0  0  0  0  0  0  0  0  0  0  0  0  0  0  0  0  0  0  3.12882e-17  1.25119e-16  2.81482e-16  5.9422e-16  1.21982e-15
5.8  0  0  0  0  0  0  0  0  0  0  0  0  0  0  0  0  0  0  0  0  0  0  0  0  0  0  0  0  0  0  0  0  0  0  0  0  0  0  0  0  0  0  0  0  0  0  0  0  0  0  0  0  0  0  0  0  0  0  0  0  0  0  0  0  0  0  0  0  0  0  0  0  0  0
5.9  0  0  0  0  0  0  0  0  0  0  0  0  0  0  0  0  0  0  0  0  0  0  0  0  0  0  0  0  0  0  0  0  0  0  0  0  0  0  0  0  0  0  0  0  0  0  0  0  0  0  0  0  0  0  0  0  0  0  0  0  0  0  0  0  0  0  0  0  0  0  0  0  0  -6.25603e-17
6  0  0  0  0  0  0  0  0  0  0  0  0  0  0  0  0  0  0  0  0  0  0  0  0  0  0  0  0  0  0  0  0  0  0  0  0  0  0  0  0  0  0  0  0  0  0  0  0  0  0  0  0  0  0  0  0  0  0  0  0  0  0  0  0  0  0  0  0  0  0  0  0  0  0
6.1  0  0  0  0  0  0  0  0  0  0  0  0  0  0  0  0  0  0  0  0  0  0  0  0  0  0  0  0  0  0  0  0  0  0  0  0  0  0  0  0  0  0  0  0  0  0  0  0  0  0  0  0  0  0  0  0  0  0  0  0  0  0  0  0  0  0  0  0  0  0  0  0  0  0
6.2  0  0  0  0  0  0  0  0  0  0  0  0  0  0  0  0  0  0  0  0  0  0  0  0  0  0  0  0  0  0  0  0  0  0  0  0  0  0  0  0  0  0  0  0  0  0  0  0  0  0  0  0  0  0  0  0  0  0  0  0  0  0  0  0  0  0  0  0  0  0  0  0  0  0
6.3  0  0  0  0  0  0  0  0  0  0  0  0  0  0  0  0  0  0  0  0  0  0  0  0  0  0  0  0  0  0  0  0  0  0  0  0  0  0  0  0  0  0  0  0  0  0  0  0  0  0  0  0  0  0  0  0  0  0  0  0  0  0  0  0  0  0  0  0  0  0  0  0  0  0
6.4  0  0  0  0  0  0  0  0  0  0  0  0  0  0  0  0  0  0  0  0  0  0  0  0  0  0  0  0  0  0  0  0  0  0  0  0  0  0  0  0  0  0  0  0  0  0  0  0  0  0  0  0  0  0  0  0  0  0  0  0  0  0  0  0  0  0  0  0  0  0  0  0  0  0
6.5  0  0  0  0  0  0  0  0  0  0  0  0  0  0  0  0  0  0  0  0  0  0  0  0  0  0  0  0  0  0  0  0  0  0  0  0  0  0  0  0  0  0  0  0  0  0  0  0  0  0  0  0  0  0  0  0  0  0  0  0  0  0  0  0  0  0  0  0  0  0  0  0  0  0
6.6  0  0  0  0  0  0  0  0  0  0  0  0  0  0  0  0  0  0  0  0  0  0  0  0  0  0  0  0  0  0  0  0  0  0  0  0  0  0  0  0  0  0  0  0  0  0  0  0  0  0  0  0  0  0  0  0  0  0  0  0  0  0  0  0  0  0  0  0  0  0  0  0  0  0
6.7  0  0  0  0  0  0  0  0  0  0  0  0  0  0  0  0  0  0  0  0  0  0  0  0  0  0  0  0  0  0  0  0  0  0  0  0  0  0  0  0  0  0  0  0  0  0  0  0  0  0  0  0  0  0  0  0  0  0  0  0  0  0  0  0  0  0  0  0  0  0  0  0  0  0
6.8  0  0  0  0  0  0  0  0  0  0  0  0  0  0  0  0  0  0  0  0  0  0  0  0  0  0  0  0  0  0  0  0  0  0  0  0  0  0  0  0  0  0  0  0  0  0  0  0  0  0  0  0  0  0  0  0  0  0  0  0  0  0  0  0  0  0  0  0  0  0  0  0  0  0
6.9  0  0  0  0  0  0  0  0  0  0  0  0  0  0  0  0  0  0  0  0  0  0  0  0  0  0  0  0  0  0  0  0  0  0  0  0  0  0  0  0  0  0  0  0  0  0  0  0  0  0  0  0  0  0  0  0  0  0  0  0  0  0  0  0  0  0  0  0  0  0  0  0  0  0
7  0  0  0  0  0  0  0  0  0  0  0  0  0  0  0  0  0  0  0  0  0  0  0  0  0  0  0  0  0  0  0  0  0  0  0  0  0  0  0  0  0  0  0  0  0  0  0  0  0  0  0  0  0  0  0  0  0  0  0  0  0  0  0  0  0  0  0  0  0  0  0  0  0  0
7.1  0  0  0  0  0  0  0  0  0  0  0  0  0  0  0  0  0  0  0  0  0  0  0  0  0  0  0  0  0  0  0  0  0  0  0  0  0  0  0  0  0  0  0  0  0  0  0  0  0  0  0  0  0  0  0  0  0  0  0  0  0  0  0  0  0  0  0  0  0  0  0  0  0  0
7.2  0  0  0  0  0  0  0  0  0  0  0  0  0  0  0  0  0  0  0  0  0  0  0  0  0  0  0  0  0  0  0  0  0  0  0  0  0  0  0  0  0  0  0  0  0  0  0  0  0  0  0  0  0  0  0  0  0  0  0  0  0  0  0  0  0  0  0  0  0  0  0  0  0  0
7.3  0  0  0  0  0  0  0  0  0  0  0  0  0  0  0  0  0  0  0  0  0  0  0  0  0  0  0  0  0  0  0  0  0  0  0  0  0  0  0  0  0  0  0  0  0  0  0  0  0  0  0  0  0  0  0  0  0  0  0  0  0  0  0  0  0  0  0  0  0  0  0  0  0  0
7.4  0  0  0  0  0  0  0  0  0  0  0  0  0  0  0  0  0  0  0  0  0  0  0  0  0  0  0  0  0  0  0  0  0  0  0  0  0  0  0  0  0  0  0  0  0  0  0  0  0  0  0  0  0  0  0  0  0  0  0  0  0  0  0  0  0  0  0  0  0  0  0  0  0  0
7.5  0  0  0  0  0  0  0  0  0  0  0  0  0  0  0  0  0  0  0  0  0  0  0  0  0  0  0  0  0  0  0  0  0  0  0  0  0  0  0  0  0  0  0  0  0  0  0  0  0  0  0  0  0  0  0  0  0  0  0  0  0  0  0  0  0  0  0  0  0  0  0  0  0  0
7.6  0  0  0  0  0  0  0  0  0  0  0  0  0  0  0  0  0  0  0  0  0  0  0  0  0  0  0  0  0  0  0  0  0  0  0  0  0  0  0  0  0  0  0  0  0  0  0  0  0  0  0  0  0  0  0  0  0  0  0  0  0  0  0  0  0  0  0  0  0  0  0  0  0  0
7.7  0  0  0  0  0  0  0  0  0  0  0  0  0  0  0  0  0  0  0  0  0  0  0  0  0  0  0  0  0  0  0  0  0  0  0  0  0  0  0  0  0  0  0  0  0  0  0  0  0  0  0  0  0  0  0  0  0  0  0  0  0  0  0  0  0  0  0  0  0  0  0  0  0  0
7.8  0  0  0  0  0  0  0  0  0  0  0  0  0  0  0  0  0  0  0  0  0  0  0  0  0  0  0  0  0  0  0  0  0  0  0  0  0  0  0  0  0  0  0  0  0  0  0  0  0  0  0  0  0  0  0  0  0  0  0  0  0  0  0  0  0  0  0  0  0  0  0  0  0  0
7.9  0  0  0  0  0  0  0  0  0  0  0  0  0  0  0  0  0  0  0  0  0  0  0  0  0  0  0  0  0  0  0  0  0  0  0  0  0  0  0  0  0  0  0  0  0  0  0  0  0  0  0  0  0  0  0  0  0  0  0  0  0  0  0  0  0  0  0  0  0  0  0  0  0  0
8  0  0  0  0  0  0  0  0  0  0  0  0  0  0  0  0  0  0  0  0  0  0  0  0  0  0  0  0  0  0  0  0  0  0  0  0  0  0  0  0  0  0  0  0  0  0  0  0  0  0  0  0  0  0  0  0  0  0  0  0  0  0  0  0  0  0  0  0  0  0  0  0  0  0
8.1  0  0  0  0  0  0  0  0  0  0  0  0  0  0  0  0  0  0  0  0  0  0  0  0  0  0  0  0  0  0  0  0  0  0  0  0  0  0  0  0  0  0  0  0  0  0  0  0  0  0  0  0  0  0  0  0  0  0  0  0  0  0  0  0  0  0  0  0  0  0  0  0  0  0
8.2  0  0  0  0  0  0  0  0  0  0  0  0  0  0  0  0  0  0  0  0  0  0  0  0  0  0  0  0  0  0  0  0  0  0  0  0  0  0  0  0  0  0  0  0  0  0  0  0  0  0  0  0  0  0  0  0  0  0  0  0  0  0  0  0  0  0  0  0  0  0  0  0  0  0
8.3  0  0  0  0  0  0  0  0  0  0  0  0  0  0  0  0  0  0  0  0  0  0  0  0  0  0  0  0  0  0  0  0  0  0  0  0  0  0  0  0  0  0  0  0  0  0  0  0  0  0  0  0  0  0  0  0  0  0  0  0  0  0  0  0  0  0  0  0  0  0  0  0  0  0
8.4  0  0  0  0  0  0  0  0  0  0  0  0  0  0  0  0  0  0  0  0  0  0  0  0  0  0  0  0  0  0  0  0  0  0  0  0  0  0  0  0  0  0  0  0  0  0  0  0  0  0  0  0  0  0  0  0  0  0  0  0  0  0  0  0  0  0  0  0  0  0  0  0  0  0
8.5  0  0  0  0  0  0  0  0  0  0  0  0  0  0  0  0  0  0  0  0  0  0  0  0  0  0  0  0  0  0  0  0  0  0  0  0  0  0  0  0  0  0  0  0  0  0  0  0  0  0  0  0  0  0  0  0  0  0  0  0  0  0  0  0  0  0  0  0  0  0  0  0  0  0
8.6  0  0  0  0  0  0  0  0  0  0  0  0  0  0  0  0  0  0  0  0  0  0  0  0  0  0  0  0  0  0  0  0  0  0  0  0  0  0  0  0  0  0  0  0  0  0  0  0  0  0  0  0  0  0  0  0  0  0  0  0  0  0  0  0  0  0  0  0  0  0  0  0  0  0
8.7  0  0  0  0  0  0  0  0  0  0  0  0  0  0  0  0  0  0  0  0  0  0  0  0  0  0  0  0  0  0  0  0  0  0  0  0  0  0  0  0  0  0  0  0  0  0  0  0  0  0  0  0  0  0  0  0  0  0  0  0  0  0  0  0  0  0  0  0  0  0  0  0  0  0
8.8  0  0  0  0  0  0  0  0  0  0  0  0  0  0  0  0  0  0  0  0  0  0  0  0  0  0  0  0  0  0  0  0  0  0  0  0  0  0  0  0  0  0  0  0  0  0  0  0  0  0  0  0  0  0  0  0  0  0  0  0  0  0  0  0  0  0  0  0  0  0  0  0  0  0
8.9  0  0  0  0  0  0  0  0  0  0  0  0  0  0  0  0  0  0  0  0  0  0  0  0  0  0  0  0  0  0  0  0  0  0  0  0  0  0  0  0  0  0  0  0  0  0  0  0  0  0  0  0  0  0  0  0  0  0  0  0  0  0  0  0  0  0  0  0  0  0  0  0  0  0
9  0  0  0  0  0  0  0  0  0  0  0  0  0  0  0  0  0  0  0  0  0  0  0  0  0  0  0  0  0  0  0  0  0  0  0  0  0  0  0  0  0  0  0  0  0  0  0  0  0  0  0  0  0  0  0  0  0  0  0  0  0  0  0  0  0  0  0  0  0  0  0  0  0  0
9.1  0  0  0  0  0  0  0  0  0  0  0  0  0  0  0  0  0  0  0  0  0  0  0  0  0  0  0  0  0  0  0  0  0  0  0  0  0  0  0  0  0  0  0  0  0  0  0  0  0  0  0  0  0  0  0  0  0  0  0  0  0  0  0  0  0  0  0  0  0  0  0  0  0  0
9.2  0  0  0  0  0  0  0  0  0  0  0  0  0  0  0  0  0  0  0  0  0  0  0  0  0  0  0  0  0  0  0  0  0  0  0  0  0  0  0  0  0  0  0  0  0  0  0  0  0  0  0  0  0  0  0  0  0  0  0  0  0  0  0  0  0  0  0  0  0  0  0  0  0  0
9.3  0  0  0  0  0  0  0  0  0  0  0  0  0  0  0  0  0  0  0  0  0  0  0  0  0  0  0  0  0  0  0  0  0  0  0  0  0  0  0  0  0  0  0  0  0  0  0  0  0  0  0  0  0  0  0  0  0  0  0  0  0  0  0  0  0  0  0  0  0  0  0  0  0  0
9.4  0  0  0  0  0  0  0  0  0  0  0  0  0  0  0  0  0  0  0  0  0  0  0  0  0  0  0  0  0  0  0  0  0  0  0  0  0  0  0  0  0  0  0  0  0  0  0  0  0  0  0  0  0  0  0  0  0  0  0  0  0  0  0  0  0  0  0  0  0  0  0  0  0  0
9.5  0  0  0  0  0  0  0  0  0  0  0  0  0  0  0  0  0  0  0  0  0  0  0  0  0  0  0  0  0  0  0  0  0  0  0  0  0  0  0  0  0  0  0  0  0  0  0  0  0  0  0  0  0  0  0  0  0  0  0  0  0  0  0  0  0  0  0  0  0  0  0  0  0  0
9.6  0  0  0  0  0  0  0  0  0  0  0  0  0  0  0  0  0  0  0  0  0  0  0  0  0  0  0  0  0  0  0  0  0  0  0  0  0  0  0  0  0  0  0  0  0  0  0  0  0  0  0  0  0  0  0  0  0  0  0  0  0  0  0  0  0  0  0  0  0  0  0  0  0  0
9.7  0  0  0  0  0  0  0  0  0  0  0  0  0  0  0  0  0  0  0  0  0  0  0  0  0  0  0  0  0  0  0  0  0  0  0  0  0  0  0  0  0  0  0  0  0  0  0  0  0  0  0  0  0  0  0  0  0  0  0  0  0  0  0  0  0  0  0  0  0  0  0  0  0  0
9.8  0  0  0  0  0  0  0  0  0  0  0  0  0  0  0  0  0  0  0  0  0  0  0  0  0  0  0  0  0  0  0  0  0  0  0  0  0  0  0  0  0  0  0  0  0  0  0  0  0  0  0  0  0  0  0  0  0  0  0  0  0  0  0  0  0  0  0  0  0  0  0  0  0  0
9.9  0  0  0  0  0  0  0  0  0  0  0  0  0  0  0  0  0  0  0  0  0  0  0  0  0  0  0  0  0  0  0  0  0  0  0  0  0  0  0  0  0  0  0  0  0  0  0  0  0  0  0  0  0  0  0  0  0  0  0  0  0  0  0  0  0  0  0  0  0  0  0  0  0  0
10  0  0  0  0  0  0  0  0  0  0  0  0  0  0  0  0  0  0  0  0  0  0  0  0  0  0  0  0  0  0  0  0  0  0  0  0  0  0  0  0  0  0  0  0  0  0  0  0  0  0  0  0  0  0  0  0  0  0  0  0  0  0  0  0  0  0  0  0  0  0  0  0  0  0
